   0.0000000000000000        1.0000000000000000                0
  1.00000000000000002E-002  0.99004983333333330                3
  2.00000000000000004E-002  0.98019866666666666                3
  2.99999999999999989E-002  0.97044549999999996                3
  4.00000000000000008E-002  0.96078943999999999                4
  5.00000000000000028E-002  0.95122942708333325                4
  6.00000000000000047E-002  0.94176453999999998                4
  7.00000000000000067E-002  0.93239383374999985                4
  8.00000000000000017E-002  0.92311637333333330                4
  8.99999999999999967E-002  0.91393123375000007                4
  9.99999999999999917E-002  0.90483750000000007                4
  0.10999999999999999       0.89583413287416669                5
  0.11999999999999998       0.88692043264000009                5
  0.12999999999999998       0.87809542433916665                5
  0.13999999999999999       0.86935822514666672                5
  0.14999999999999999       0.86070796093750002                5
  0.16000000000000000       0.85214376618666654                5
  0.17000000000000001       0.84366478386916666                5
  0.18000000000000002       0.83527016535999998                5
  0.19000000000000003       0.82695907033416660                5
  0.20000000000000004       0.81873066666666661                5
  0.21000000000000005       0.81058424945211238                6
  0.22000000000000006       0.80251880277875554                6
  0.23000000000000007       0.79453360906956783                6
  0.24000000000000007       0.78662786990079991                6
  0.25000000000000006       0.77880079481336806                6
  0.26000000000000006       0.77105160123635563                6
  0.27000000000000007       0.76337951441151242                6
  0.28000000000000008       0.75578376731875541                6
  0.29000000000000009       0.74826360060266806                6
  0.30000000000000010       0.74081826249999982                6
  0.31000000000000011       0.73344700876816804                6
  0.32000000000000012       0.72614910261475552                6
  0.33000000000000013       0.71892381462801236                6
  0.34000000000000014       0.71177031849535921                7
  0.35000000000000014       0.70468808434353303                7
  0.36000000000000015       0.69767631934434737                7
  0.37000000000000016       0.69073432227116904                7
  0.38000000000000017       0.68386139886771058                7
  0.39000000000000018       0.67705686177786906                7
  0.40000000000000019       0.67032003047619027                7
  0.41000000000000020       0.66365023119895783                7
  0.42000000000000021       0.65704679687588796                7
  0.43000000000000022       0.65050906706242684                7
  0.44000000000000022       0.64403638787263784                7
  0.45000000000000023       0.63762811191266733                7
  0.46000000000000024       0.63128359821478153                7
  0.47000000000000025       0.62500221217196383                7
  0.48000000000000026       0.61878332547306047                7
  0.49000000000000027       0.61262631603846796                7
  0.50000000000000022       0.60653056795634908                7
  0.51000000000000023       0.60049558493113808                8
  0.52000000000000024       0.59452055525056113                8
  0.53000000000000025       0.58860497831191161                8
  0.54000000000000026       0.58274826257950152                8
  0.55000000000000027       0.57694982240699477                8
  0.56000000000000028       0.57120907797914500                8
  0.57000000000000028       0.56552545525414177                8
  0.58000000000000029       0.55989838590655816                8
  0.59000000000000030       0.55432730727089452                8
  0.60000000000000031       0.54881166228571410                8
  0.61000000000000032       0.54335089943836867                8
  0.62000000000000033       0.53794447271030643                8
  0.63000000000000034       0.53259184152296102                8
  0.64000000000000035       0.52729247068421592                8
  0.65000000000000036       0.52204583033544238                8
  0.66000000000000036       0.51685139589910301                8
  0.67000000000000037       0.51170864802692428                8
  0.68000000000000038       0.50661707254862665                8
  0.69000000000000039       0.50157616042121445                8
  0.70000000000000040       0.49658529647509631                9
  0.71000000000000041       0.49164418903691876                9
  0.72000000000000042       0.48675224627969277                9
  0.73000000000000043       0.48190897898778828                9
  0.74000000000000044       0.47711390281142474                9
  0.75000000000000044       0.47236653821808933                9
  0.76000000000000045       0.46766641044442520                9
  0.77000000000000046       0.46301304944858845                9
  0.78000000000000047       0.45840598986306408                9
  0.79000000000000048       0.45384477094793824                9
  0.80000000000000049       0.44932893654462064                9
  0.81000000000000050       0.44485803503001281                9
  0.82000000000000051       0.44043161927111524                9
  0.83000000000000052       0.43604924658006999                9
  0.84000000000000052       0.43171047866963203                9
  0.85000000000000053       0.42741488160906566                9
  0.86000000000000054       0.42316202578045931                9
  0.87000000000000055       0.41895148583545544                9
  0.88000000000000056       0.41478284065238813                9
  0.89000000000000057       0.41065567329382524                9
  0.90000000000000058       0.40656957096450863                9
  0.91000000000000059       0.40252423228233197               10
  0.92000000000000060       0.39851905037966212               10
  0.93000000000000060       0.39455372083235768               10
  0.94000000000000061       0.39062784711609549               10
  0.95000000000000062       0.38674103665322407               10
  0.96000000000000063       0.38289290077358656               10
  0.97000000000000064       0.37908305467573877               10
  0.98000000000000065       0.37531111738855877               10
  0.99000000000000066       0.37157671173324786               10
   1.0000000000000007       0.36787946428571411               10
   1.0100000000000007       0.36421900533933860               10
   1.0200000000000007       0.36059496886812115               10
   1.0300000000000007       0.35700699249019890               10
   1.0400000000000007       0.35345471743173773               10
   1.0500000000000007       0.34993778849119406               10
   1.0600000000000007       0.34645585400393675               10
   1.0700000000000007       0.34300856580723749               10
   1.0800000000000007       0.33959557920561489               10
   1.0900000000000007       0.33621655293653724               10
   1.1000000000000008       0.33287114913647742               10
   1.1100000000000008       0.32955903330731828               10
   1.1200000000000008       0.32627987428310362               10
   1.1300000000000008       0.32303334419713559               10
   1.1400000000000008       0.31981901257338141               11
   1.1500000000000008       0.31663675912218481               11
   1.1600000000000008       0.31348616951087988               11
   1.1700000000000008       0.31036692866895793               11
   1.1800000000000008       0.30727872466010453               11
   1.1900000000000008       0.30422124865095662               11
   1.2000000000000008       0.30119419488016591               11
   1.2100000000000009       0.29819726062776719               11
   1.2200000000000009       0.29523014618484750               11
   1.2300000000000009       0.29229255482351235               11
   1.2400000000000009       0.28938419276714777               11
   1.2500000000000009       0.28650476916097184               11
   1.2600000000000009       0.28365399604287572               11
   1.2700000000000009       0.28083158831454952               11
   1.2800000000000009       0.27803726371289056               11
   1.2900000000000009       0.27527074278168939               11
   1.3000000000000009       0.27253174884359344               11
   1.3100000000000009       0.26982000797234168               11
   1.3200000000000010       0.26713524896527091               11
   1.3300000000000010       0.26447720331608771               11
   1.3400000000000010       0.26184560518790512               11
   1.3500000000000010       0.25924019138654020               11
   1.3600000000000010       0.25666070133406838               11
   1.3700000000000010       0.25410687704263529               11
   1.3800000000000010       0.25157846308851856               11
   1.3900000000000010       0.24907531518914414               12
   1.4000000000000010       0.24659697552262769               12
   1.4100000000000010       0.24414329584881758               12
   1.4200000000000010       0.24171403080491105               12
   1.4300000000000010       0.23930893747011009               12
   1.4400000000000011       0.23692777534136383               12
   1.4500000000000011       0.23457030630935227               12
   1.4600000000000011       0.23223629463471315               12
   1.4700000000000011       0.22992550692450775               12
   1.4800000000000011       0.22763771210892270               12
   1.4900000000000011       0.22537268141820715               12
   1.5000000000000011       0.22313018835984252               12
   1.5100000000000011       0.22091000869594052               12
   1.5200000000000011       0.21871192042087267               12
   1.5300000000000011       0.21653570373912284               12
   1.5400000000000011       0.21438114104336520               12
   1.5500000000000012       0.21224801689276324               12
   1.5600000000000012       0.21013611799148960               12
   1.5700000000000012       0.20804523316746198               12
   1.5800000000000012       0.20597515335129726               12
   1.5900000000000012       0.20392567155547661               12
   1.6000000000000012       0.20189658285372589               12
   1.6100000000000012       0.19988768436060225               12
   1.6200000000000012       0.19789877521129287               12
   1.6300000000000012       0.19592965654161659               12
   1.6400000000000012       0.19398013146823290               12
   1.6500000000000012       0.19204989717165580               13
   1.6600000000000013       0.19013896764933685               13
   1.6700000000000013       0.18824705210246920               13
   1.6800000000000013       0.18637396133203687               13
   1.6900000000000013       0.18451950802112232               13
   1.7000000000000013       0.18268350671615116               13
   1.7100000000000013       0.18086577380832145               13
   1.7200000000000013       0.17906612751521653               13
   1.7300000000000013       0.17728438786259793               13
   1.7400000000000013       0.17552037666637973               13
   1.7500000000000013       0.17377391751477800               13
   1.7600000000000013       0.17204483575063795               13
   1.7700000000000014       0.17033295845393243               13
   1.7800000000000014       0.16863811442443633               13
   1.7900000000000014       0.16696013416456601               13
   1.8000000000000014       0.16529884986239193               13
   1.8100000000000014       0.16365409537481382               13
   1.8200000000000014       0.16202570621090423               13
   1.8300000000000014       0.16041351951541213               13
   1.8400000000000014       0.15881737405242863               13
   1.8500000000000014       0.15723711018921480               13
   1.8600000000000014       0.15567256988018272               13
   1.8700000000000014       0.15412359665103634               13
   1.8800000000000014       0.15259003558306511               13
   1.8900000000000015       0.15107173329759135               13
   1.9000000000000015       0.14956853794056746               13
   1.9100000000000015       0.14808029916732329               13
   1.9200000000000015       0.14660697425029823               14
   1.9300000000000015       0.14514821157836294               14
   1.9400000000000015       0.14370396391994225               14
   1.9500000000000015       0.14227408685396500               14
   1.9600000000000015       0.14085843739673878               14
   1.9700000000000015       0.13945687398766959               14
   1.9800000000000015       0.13806925647512380               14
   1.9900000000000015       0.13669544610243217               14
   2.0000000000000013       0.13533530549403550               14
   2.0100000000000011       0.13398869864176638               14
   2.0200000000000009       0.13265549089127279               14
   2.0300000000000007       0.13133554892857560               14
   2.0400000000000005       0.13002874076676171               14
   2.0500000000000003       0.12873493573281122               14
   2.0600000000000001       0.12745400445455637               14
   2.0699999999999998       0.12618581884777685               14
   2.0799999999999996       0.12493025210341629               14
   2.0899999999999994       0.12368717867493603               14
   2.0999999999999992       0.12245647426579365               14
   2.1099999999999990       0.12123801581704423               14
   2.1199999999999988       0.12003168149507611               14
   2.1299999999999986       0.11883735067946136               14
   2.1399999999999983       0.11765490395093466               14
   2.1499999999999981       0.11648422307949399               14
   2.1599999999999979       0.11532519101262026               14
   2.1699999999999977       0.11417769186361833               14
   2.1799999999999975       0.11304161090007515               14
   2.1899999999999973       0.11191683453243763               14
   2.1999999999999971       0.11080314562827570               15
   2.2099999999999969       0.10970063483029883               15
   2.2199999999999966       0.10860909412235954               15
   2.2299999999999964       0.10752841434529982               15
   2.2399999999999962       0.10645848742581475               15
   2.2499999999999960       0.10539920636563350               15
   2.2599999999999958       0.10435046523080350               15
   2.2699999999999956       0.10331215914108310               15
   2.2799999999999954       0.10228418425943742               15
   2.2899999999999952       0.10126643778163850               15
   2.2999999999999949       0.10025881792596658               15
   2.3099999999999947       9.92612239230159926E-002          15
   2.3199999999999945       9.82735560055972707E-002          15
   2.3299999999999943       9.72957153987412532E-002          15
   2.3399999999999941       9.63276043098004187E-002          15
   2.3499999999999939       9.53691259186499329E-002          15
   2.3599999999999937       9.44201843679788044E-002          15
   2.3699999999999934       9.34806847536848312E-002          15
   2.3799999999999932       9.25505331153554794E-002          15
   2.3899999999999930       9.16296364268485986E-002          15
   2.3999999999999928       9.07179025869603861E-002          15
   2.4099999999999926       8.98152404101880131E-002          15
   2.4199999999999924       8.89215596175802064E-002          15
   2.4299999999999922       8.80367708276779959E-002          15
   2.4399999999999920       8.71607855475452220E-002          15
   2.4499999999999917       8.62935161638845871E-002          15
   2.4599999999999915       8.54348759342383468E-002          15
   2.4699999999999913       8.45847789782809834E-002          15
   2.4799999999999911       8.37431402691886373E-002          15
   2.4899999999999909       8.29099799937209753E-002          16
   2.4999999999999907       8.20850129815172552E-002          16
   2.5099999999999905       8.12682545991247757E-002          16
   2.5199999999999902       8.04596231736862677E-002          16
   2.5299999999999900       7.96590378452542297E-002          16
   2.5399999999999898       7.88664185587150818E-002          16
   2.5499999999999896       7.80816860557951853E-002          16
   2.5599999999999894       7.73047618671474784E-002          16
   2.5699999999999892       7.65355683045144813E-002          16
   2.5799999999999890       7.57740284529748731E-002          16
   2.5899999999999888       7.50200661632649674E-002          16
   2.5999999999999885       7.42736060441781670E-002          16
   2.6099999999999883       7.35345734550379299E-002          16
   2.6199999999999881       7.28028944982540699E-002          16
   2.6299999999999879       7.20784960119451590E-002          16
   2.6399999999999877       7.13613055626409476E-002          16
   2.6499999999999875       7.06512514380574913E-002          16
   2.6599999999999873       6.99482626399422769E-002          16
   2.6699999999999871       6.92522688769968836E-002          16
   2.6799999999999868       6.85632005578659387E-002          16
   2.6899999999999866       6.78809887841990423E-002          16
   2.6999999999999864       6.72055653437849954E-002          16
   2.7099999999999862       6.65368627037526694E-002          16
   2.7199999999999860       6.58748140038412089E-002          16
   2.7299999999999858       6.52193530497411494E-002          16
   2.7399999999999856       6.45704143065003733E-002          16
   2.7499999999999853       6.39279328919973161E-002          16
   2.7599999999999851       6.32918445704842569E-002          16
   2.7699999999999849       6.26620857461900466E-002          16
   2.7799999999999847       6.20385934569959233E-002          16
   2.7899999999999845       6.14211996370224722E-002          17
   2.7999999999999843       6.08100474045392275E-002          17
   2.8099999999999841       6.02049761704731498E-002          17
   2.8199999999999839       5.96059254238936465E-002          17
   2.8299999999999836       5.90128352557460420E-002          17
   2.8399999999999834       5.84256463528491782E-002          17
   2.8499999999999832       5.78442999919585310E-002          17
   2.8599999999999830       5.72687380338801413E-002          17
   2.8699999999999828       5.66989029176510062E-002          17
   2.8799999999999826       5.61347376547670501E-002          17
   2.8899999999999824       5.55761858234767800E-002          17
   2.8999999999999821       5.50231915631253371E-002          17
   2.9099999999999819       5.44756995685573980E-002          17
   2.9199999999999817       5.39336550845741641E-002          17
   2.9299999999999815       5.33970039004413241E-002          17
   2.9399999999999813       5.28656923444584259E-002          17
   2.9499999999999811       5.23396672785777020E-002          17
   2.9599999999999809       5.18188760930638620E-002          17
   2.9699999999999807       5.13032667012335714E-002          17
   2.9799999999999804       5.07927875342183213E-002          17
   2.9899999999999802       5.02873875357954525E-002          17
   2.9999999999999800       4.97870161572611797E-002          17
   3.0099999999999798       4.92916233523605571E-002          17
   3.0199999999999796       4.88011595722615543E-002          17
   3.0299999999999794       4.83155757605740130E-002          17
   3.0399999999999792       4.78348233484343702E-002          17
   3.0499999999999790       4.73588542496158893E-002          17
   3.0599999999999787       4.68876208557005361E-002          17
   3.0699999999999785       4.64210760312947016E-002          17
   3.0799999999999783       4.59591731092891878E-002          17
   3.0899999999999781       4.55019689038087746E-002          18
   3.0999999999999779       4.50492178039793092E-002          18
   3.1099999999999777       4.46009717159646865E-002          18
   3.1199999999999775       4.41571858176978138E-002          18
   3.1299999999999772       4.37178157332893946E-002          18
   3.1399999999999770       4.32828175285919145E-002          18
   3.1499999999999768       4.28521477068147874E-002          18
   3.1599999999999766       4.24257632041893651E-002          18
   3.1699999999999764       4.20036213856616811E-002          18
   3.1799999999999762       4.15856800406431693E-002          18
   3.1899999999999760       4.11718973787961531E-002          18
   3.1999999999999758       4.07622320258676438E-002          18
   3.2099999999999755       4.03566430195565762E-002          18
   3.2199999999999753       3.99550898054346071E-002          18
   3.2299999999999751       3.95575322328967083E-002          18
   3.2399999999999749       3.91639305511573901E-002          18
   3.2499999999999747       3.87742454052897104E-002          18
   3.2599999999999745       3.83884378323042300E-002          18
   3.2699999999999743       3.80064692572564811E-002          18
   3.2799999999999740       3.76283014894161494E-002          18
   3.2899999999999738       3.72538967184459224E-002          18
   3.2999999999999736       3.68832175106572069E-002          18
   3.3099999999999734       3.65162268052544453E-002          18
   3.3199999999999732       3.61528879106682716E-002          18
   3.3299999999999730       3.57931645008922675E-002          18
   3.3399999999999728       3.54370206118678199E-002          18
   3.3499999999999726       3.50844206379085297E-002          18
   3.3599999999999723       3.47353293281565043E-002          18
   3.3699999999999721       3.43897117830789106E-002          18
   3.3799999999999719       3.40475334509931921E-002          18
   3.3899999999999717       3.37087601246423146E-002          18
   3.3999999999999715       3.33732548980334789E-002          19
   3.4099999999999713       3.30411844089967960E-002          19
   3.4199999999999711       3.27124180161118619E-002          19
   3.4299999999999708       3.23869228398030035E-002          19
   3.4399999999999706       3.20646663274863353E-002          19
   3.4499999999999704       3.17456162503050310E-002          19
   3.4599999999999702       3.14297406999003645E-002          19
   3.4699999999999700       3.11170080852186115E-002          19
   3.4799999999999698       3.08073871293406340E-002          19
   3.4899999999999696       3.05008468663471519E-002          19
   3.4999999999999694       3.01973566382132581E-002          19
   3.5099999999999691       2.98968860917405918E-002          19
   3.5199999999999689       2.95994051755048143E-002          19
   3.5299999999999687       2.93048841368448443E-002          19
   3.5399999999999685       2.90132935188849375E-002          19
   3.5499999999999683       2.87246041575676923E-002          19
   3.5599999999999681       2.84387871787344995E-002          19
   3.5699999999999679       2.81558139952331234E-002          19
   3.5799999999999677       2.78756563040321974E-002          19
   3.5899999999999674       2.75982860833944507E-002          19
   3.5999999999999672       2.73236755900592154E-002          19
   3.6099999999999670       2.70517973564463055E-002          19
   3.6199999999999668       2.67826241879110943E-002          19
   3.6299999999999666       2.65161291600009008E-002          19
   3.6399999999999664       2.62522856157522341E-002          19
   3.6499999999999662       2.59910671630115518E-002          19
   3.6599999999999659       2.57324476717819967E-002          19
   3.6699999999999657       2.54764012715855137E-002          19
   3.6799999999999655       2.52229023488745839E-002          19
   3.6899999999999653       2.49719255444369320E-002          19
   3.6999999999999651       2.47234457508611512E-002          19
   3.7099999999999649       2.44775384221431053E-002          20
   3.7199999999999647       2.42339838709688428E-002          20
   3.7299999999999645       2.39928527847146703E-002          20
   3.7399999999999642       2.37541210524667284E-002          20
   3.7499999999999640       2.35177648033619256E-002          20
   3.7599999999999638       2.32837604042153978E-002          20
   3.7699999999999636       2.30520844571511611E-002          20
   3.7799999999999634       2.28227137972771450E-002          20
   3.7899999999999632       2.25956254903707243E-002          20
   3.7999999999999630       2.23707968305922045E-002          20
   3.8099999999999627       2.21482053382206848E-002          20
   3.8199999999999625       2.19278287574128407E-002          20
   3.8299999999999623       2.17096450539909606E-002          20
   3.8399999999999621       2.14936324132293036E-002          20
   3.8499999999999619       2.12797692377011821E-002          20
   3.8599999999999617       2.10680341451175770E-002          20
   3.8699999999999615       2.08584059661877964E-002          20
   3.8799999999999613       2.06508637425392542E-002          20
   3.8899999999999610       2.04453867245963476E-002          20
   3.8999999999999608       2.02419543695381843E-002          20
   3.9099999999999606       2.00405463392515325E-002          20
   3.9199999999999604       1.98411424982941169E-002          20
   3.9299999999999602       1.96437229119083775E-002          20
   3.9399999999999600       1.94482678440347327E-002          20
   3.9499999999999598       1.92547577553336714E-002          20
   3.9599999999999596       1.90631733012706084E-002          20
   3.9699999999999593       1.88734953301760433E-002          20
   3.9799999999999591       1.86857048813432146E-002          20
   3.9899999999999589       1.84997831831591950E-002          20
   3.9999999999999587       1.83157116512237331E-002          20
   4.0099999999999589       1.81334718865260869E-002          20
   4.0199999999999587       1.79530456735976958E-002          20
   4.0299999999999585       1.77743142711733436E-002          21
   4.0399999999999583       1.75974558605314288E-002          21
   4.0499999999999581       1.74223571655963486E-002          21
   4.0599999999999579       1.72490006741284063E-002          21
   4.0699999999999577       1.70773690479845419E-002          21
   4.0799999999999574       1.69074451214207416E-002          21
   4.0899999999999572       1.67392118993414628E-002          21
   4.0999999999999570       1.65726525556043024E-002          21
   4.1099999999999568       1.64077504313223065E-002          21
   4.1199999999999566       1.62444890332101265E-002          21
   4.1299999999999564       1.60828520319128698E-002          21
   4.1399999999999562       1.59228232603816737E-002          21
   4.1499999999999559       1.57643867122368685E-002          21
   4.1599999999999557       1.56075265401637037E-002          21
   4.1699999999999555       1.54522270543263184E-002          21
   4.1799999999999553       1.52984727207940985E-002          21
   4.1899999999999551       1.51462481599606413E-002          21
   4.1999999999999549       1.49955381450386626E-002          21
   4.2099999999999547       1.48463276004771241E-002          21
   4.2199999999999545       1.46986016004840674E-002          21
   4.2299999999999542       1.45523453675231000E-002          21
   4.2399999999999540       1.44075442707955383E-002          21
   4.2499999999999538       1.42641838248032133E-002          21
   4.2599999999999536       1.41222496878692667E-002          21
   4.2699999999999534       1.39817276607160212E-002          21
   4.2799999999999532       1.38426036849958189E-002          21
   4.2899999999999530       1.37048638419142201E-002          21
   4.2999999999999527       1.35684943508046878E-002          21
   4.3099999999999525       1.34334815677460973E-002          21
   4.3199999999999523       1.32998119841818870E-002          21
   4.3299999999999521       1.31674722255569667E-002          21
   4.3399999999999519       1.30364490499691229E-002          21
   4.3499999999999517       1.29067293468357516E-002          21
   4.3599999999999515       1.27784043519867628E-002          22
   4.3699999999999513       1.26512581678653747E-002          22
   4.3799999999999510       1.25253771643312594E-002          22
   4.3899999999999508       1.24007487553271546E-002          22
   4.3999999999999506       1.22773604801518967E-002          22
   4.4099999999999504       1.21552000022258268E-002          22
   4.4199999999999502       1.20342551078625980E-002          22
   4.4299999999999500       1.19145137050389021E-002          22
   4.4399999999999498       1.17959638222051300E-002          22
   4.4499999999999496       1.16785936070818250E-002          22
   4.4599999999999493       1.15623913254941507E-002          22
   4.4699999999999491       1.14473453601791134E-002          22
   4.4799999999999489       1.13334442096704475E-002          22
   4.4899999999999487       1.12206764871013252E-002          22
   4.4999999999999485       1.11090309191129947E-002          22
   4.5099999999999483       1.09984963447189235E-002          22
   4.5199999999999481       1.08890617142025272E-002          22
   4.5299999999999478       1.07807160880114567E-002          22
   4.5399999999999476       1.06734486356619314E-002          22
   4.5499999999999474       1.05672486346886137E-002          22
   4.5599999999999472       1.04621054695622408E-002          22
   4.5699999999999470       1.03580086306320988E-002          22
   4.5799999999999468       1.02549477131003708E-002          22
   4.5899999999999466       1.01529124159844830E-002          22
   4.5999999999999464       1.00518925410775489E-002          22
   4.6099999999999461       9.95187799196228448E-003          22
   4.6199999999999459       9.85285877301590382E-003          22
   4.6299999999999457       9.75482498838009873E-003          22
   4.6399999999999455       9.65776684103453534E-003          22
   4.6499999999999453       9.56167463178453705E-003          22
   4.6599999999999451       9.46653875833466246E-003          22
   4.6699999999999449       9.37234971432001837E-003          22
   4.6799999999999446       9.27899735806609650E-003          23
   4.6899999999999444       9.18666876437114997E-003          23
   4.6999999999999442       9.09525880389165306E-003          23
   4.7099999999999440       9.00475833360196189E-003          23
   4.7199999999999438       8.91515830133315923E-003          23
   4.7299999999999436       8.82644974486874144E-003          23
   4.7399999999999434       8.73862379105091319E-003          23
   4.7499999999999432       8.65167165486184844E-003          23
   4.7599999999999429       8.56558463858623186E-003          23
   4.7699999999999427       8.48035413090504099E-003          23
   4.7799999999999425       8.39597160603387967E-003          23
   4.7899999999999423       8.31242862286558568E-003          23
   4.7999999999999421       8.22971682413115718E-003          23
   4.8099999999999419       8.14782793555216336E-003          23
   4.8199999999999417       8.06675376500910236E-003          23
   4.8299999999999415       7.98648620171086253E-003          23
   4.8399999999999412       7.90701721538767180E-003          23
   4.8499999999999410       7.82833885547474552E-003          23
   4.8599999999999408       7.75044325030718826E-003          23
   4.8699999999999406       7.67332260634510759E-003          23
   4.8799999999999404       7.59696920736698585E-003          23
   4.8899999999999402       7.52137541369735183E-003          23
   4.8999999999999400       7.44653366144137213E-003          23
   4.9099999999999397       7.37243646170748432E-003          23
   4.9199999999999395       7.29907639986965978E-003          23
   4.9299999999999393       7.22644613480543600E-003          23
   4.9399999999999391       7.15453839814881361E-003          23
   4.9499999999999389       7.08334599355880598E-003          23
   4.9599999999999387       7.01286179601676076E-003          23
   4.9699999999999385       6.94307875104334914E-003          23
   4.9799999999999383       6.87398987405536243E-003          23
   4.9899999999999380       6.80558824959138879E-003          23
   4.9999999999999378       6.73786703066066913E-003          23
   5.0099999999999376       6.67092022391196828E-003          24
   5.0199999999999374       6.60454448590647083E-003          24
   5.0299999999999372       6.53882924783544348E-003          24
   5.0399999999999370       6.47376793997141240E-003          24
   5.0499999999999368       6.40935405805283156E-003          24
   5.0599999999999365       6.34558116266349930E-003          24
   5.0699999999999363       6.28244287856622591E-003          24
   5.0799999999999361       6.21993289407924040E-003          24
   5.0899999999999359       6.15804496043358303E-003          24
   5.0999999999999357       6.09677289120076626E-003          24
   5.1099999999999355       6.03611056160847925E-003          24
   5.1199999999999353       5.97605190797390138E-003          24
   5.1299999999999351       5.91659092711723129E-003          24
   5.1399999999999348       5.85772167571898660E-003          24
   5.1499999999999346       5.79943826977011908E-003          24
   5.1599999999999344       5.74173488397736447E-003          24
   5.1699999999999342       5.68460575116700156E-003          24
   5.1799999999999340       5.62804516174362796E-003          24
   5.1899999999999338       5.57204746309177684E-003          24
   5.1999999999999336       5.51660705906996656E-003          24
   5.2099999999999334       5.46171840939140094E-003          24
   5.2199999999999331       5.40737602912662752E-003          24
   5.2299999999999329       5.35357448812179455E-003          24
   5.2399999999999327       5.30030841050629139E-003          24
   5.2499999999999325       5.24757247412963382E-003          24
   5.2599999999999323       5.19536141004460234E-003          24
   5.2699999999999321       5.14367000198788938E-003          24
   5.2799999999999319       5.09249308586724563E-003          24
   5.2899999999999316       5.04182554926618353E-003          24
   5.2999999999999314       4.99166233092019490E-003          24
   5.3099999999999312       4.94199842022271813E-003          24
   5.3199999999999310       4.89282885676206158E-003          24
   5.3299999999999308       4.84414872978126011E-003          24
   5.3399999999999306       4.79595317774638222E-003          24
   5.3499999999999304       4.74813310837504839E-003          25
   5.3599999999999302       4.70088733231183512E-003          25
   5.3699999999999299       4.65411160886775900E-003          25
   5.3799999999999297       4.60780125859511485E-003          25
   5.3899999999999295       4.56195164856086372E-003          25
   5.3999999999999293       4.51655819176436431E-003          25
   5.4099999999999291       4.47161634680362085E-003          25
   5.4199999999999289       4.42712161727842803E-003          25
   5.4299999999999287       4.38306955147059561E-003          25
   5.4399999999999284       4.33945574178194477E-003          25
   5.4499999999999282       4.29627582438222352E-003          25
   5.4599999999999280       4.25352547870667778E-003          25
   5.4699999999999278       4.21120042703037809E-003          25
   5.4799999999999276       4.16929643407837509E-003          25
   5.4899999999999274       4.12780930654557069E-003          25
   5.4999999999999272       4.08673489266432946E-003          25
   5.5099999999999270       4.04606908186169820E-003          25
   5.5199999999999267       4.00580780428613954E-003          25
   5.5299999999999265       3.96594703036602832E-003          25
   5.5399999999999263       3.92648277046671844E-003          25
   5.5499999999999261       3.88741107446658688E-003          25
   5.5599999999999259       3.84872803132217493E-003          25
   5.5699999999999257       3.81042976871065388E-003          25
   5.5799999999999255       3.77251245260760417E-003          25
   5.5899999999999253       3.73497228692766699E-003          25
   5.5999999999999250       3.69780551311605634E-003          25
   5.6099999999999248       3.66100840976177648E-003          25
   5.6199999999999246       3.62457729224843457E-003          25
   5.6299999999999244       3.58850851233100685E-003          25
   5.6399999999999242       3.55279845779755358E-003          25
   5.6499999999999240       3.51744355209102685E-003          25
   5.6599999999999238       3.48244025394321395E-003          25
   5.6699999999999235       3.44778505703173966E-003          25
   5.6799999999999233       3.41357621690523746E-003          26
   5.6899999999999231       3.37961160180428460E-003          26
   5.6999999999999229       3.34598498867892061E-003          26
   5.7099999999999227       3.31269301654240874E-003          26
   5.7199999999999225       3.27973235793515682E-003          26
   5.7299999999999223       3.24709971858989054E-003          26
   5.7399999999999221       3.21479183713105875E-003          26
   5.7499999999999218       3.18280548472256323E-003          26
   5.7599999999999216       3.15113746475766945E-003          26
   5.7699999999999214       3.11978461263324666E-003          26
   5.7799999999999212       3.08874379524394635E-003          26
   5.7899999999999210       3.05801191082489101E-003          26
   5.7999999999999208       3.02758588864189895E-003          26
   5.8099999999999206       2.99746268858117840E-003          26
   5.8199999999999203       2.96763930096986817E-003          26
   5.8299999999999201       2.93811274619182978E-003          26
   5.8399999999999199       2.90888007446564976E-003          26
   5.8499999999999197       2.87993836550289343E-003          26
   5.8599999999999195       2.85128472820733812E-003          26
   5.8699999999999193       2.82291630045250312E-003          26
   5.8799999999999191       2.79483024877416868E-003          26
   5.8899999999999189       2.76702376804065881E-003          26
   5.8999999999999186       2.73949408128551161E-003          26
   5.9099999999999184       2.71223843931041146E-003          26
   5.9199999999999182       2.68525412050039719E-003          26
   5.9299999999999180       2.65853843057719521E-003          26
   5.9399999999999178       2.63208870222655022E-003          26
   5.9499999999999176       2.60590229495447903E-003          26
   5.9599999999999174       2.57997659477091643E-003          26
   5.9699999999999172       2.55430901391789575E-003          26
   5.9799999999999169       2.52889699069190057E-003          26
   5.9899999999999167       2.50373798912076166E-003          26
   5.9999999999999165       2.47882949876190774E-003          26
   6.0099999999999163       2.45416903441364074E-003          26
   6.0199999999999161       2.42965130534592358E-003          27
   6.0299999999999159       2.40547482442856351E-003          27
   6.0399999999999157       2.38153885558020509E-003          27
   6.0499999999999154       2.35784100358057145E-003          27
   6.0599999999999152       2.33437889690208235E-003          27
   6.0699999999999150       2.31115018758186507E-003          27
   6.0799999999999148       2.28815255087546970E-003          27
   6.0899999999999146       2.26538368507434550E-003          27
   6.0999999999999144       2.24284131126533965E-003          27
   6.1099999999999142       2.22052317313110176E-003          27
   6.1199999999999140       2.19842703668183658E-003          27
   6.1299999999999137       2.17655069002807176E-003          27
   6.1399999999999135       2.15489194316294480E-003          27
   6.1499999999999133       2.13344862773248928E-003          27
   6.1599999999999131       2.11221859688146734E-003          27
   6.1699999999999129       2.09119972491747259E-003          27
   6.1799999999999127       2.07038990717918437E-003          27
   6.1899999999999125       2.04978705983935739E-003          27
   6.1999999999999122       2.02938911955621816E-003          27
   6.2099999999999120       2.00919404345475342E-003          27
   6.2199999999999118       1.98919980870757018E-003          27
   6.2299999999999116       1.96940441261143516E-003          27
   6.2399999999999114       1.94980587203424189E-003          27
   6.2499999999999112       1.93040222352532792E-003          27
   6.2599999999999110       1.91119152281932670E-003          27
   6.2699999999999108       1.89217184498095933E-003          27
   6.2799999999999105       1.87334128392154485E-003          27
   6.2899999999999103       1.85469795224456682E-003          27
   6.2999999999999101       1.83623998121539207E-003          27
   6.3099999999999099       1.81796552038730134E-003          27
   6.3199999999999097       1.79987273750511416E-003          27
   6.3299999999999095       1.78195981830200781E-003          27
   6.3399999999999093       1.76422496629956684E-003          27
   6.3499999999999091       1.74666640253948635E-003          27
   6.3599999999999088       1.72938532319892938E-003          28
   6.3699999999999086       1.71217869907925452E-003          28
   6.3799999999999084       1.69514333078169357E-003          28
   6.3899999999999082       1.67827751637848049E-003          28
   6.3999999999999080       1.66157957079279980E-003          28
   6.4099999999999078       1.64504782598155395E-003          28
   6.4199999999999076       1.62868063054499878E-003          28
   6.4299999999999073       1.61247634953385656E-003          28
   6.4399999999999071       1.59643336443182778E-003          28
   6.4499999999999069       1.58055007289946057E-003          28
   6.4599999999999067       1.56482488869816630E-003          28
   6.4699999999999065       1.54925624143242326E-003          28
   6.4799999999999063       1.53384257648452342E-003          28
   6.4899999999999061       1.51858235475108732E-003          28
   6.4999999999999059       1.50347405267907690E-003          28
   6.5099999999999056       1.48851616190634104E-003          28
   6.5199999999999054       1.47370718931594757E-003          28
   6.5299999999999052       1.45904565667825492E-003          28
   6.5399999999999050       1.44453010068017738E-003          28
   6.5499999999999048       1.43015907271492834E-003          28
   6.5599999999999046       1.41593113869613362E-003          28
   6.5699999999999044       1.40184487912635262E-003          28
   6.5799999999999041       1.38789888857735887E-003          28
   6.5899999999999039       1.37409177597297167E-003          28
   6.5999999999999037       1.36042216412874100E-003          28
   6.6099999999999035       1.34688868979130705E-003          28
   6.6199999999999033       1.33349000358395139E-003          28
   6.6299999999999031       1.32022476953816068E-003          28
   6.6399999999999029       1.30709166544861247E-003          28
   6.6499999999999027       1.29408938228246393E-003          28
   6.6599999999999024       1.28121662433332739E-003          28
   6.6699999999999022       1.26847210902254434E-003          28
   6.6799999999999020       1.25585456680568793E-003          28
   6.6899999999999018       1.24336274103579135E-003          28
   6.6999999999999016       1.23089314550861562E-003          29
   6.7099999999999014       1.21864451438090556E-003          29
   6.7199999999999012       1.20651771326371875E-003          29
   6.7299999999999010       1.19451152794891971E-003          29
   6.7399999999999007       1.18262475623984458E-003          29
   6.7499999999999005       1.17085620788700911E-003          29
   6.7599999999999003       1.15920470429764716E-003          29
   6.7699999999999001       1.14766907857017969E-003          29
   6.7799999999998999       1.13624817538484756E-003          29
   6.7899999999998997       1.12494085059774464E-003          29
   6.7999999999998995       1.11374597163214580E-003          29
   6.8099999999998992       1.10266241685052103E-003          29
   6.8199999999998990       1.09168907582362067E-003          29
   6.8299999999998988       1.08082484896396117E-003          29
   6.8399999999998986       1.07006864750576296E-003          29
   6.8499999999998984       1.05941939353923877E-003          29
   6.8599999999998982       1.04887601945902360E-003          29
   6.8699999999998980       1.03843746847444014E-003          29
   6.8799999999998978       1.02810269397419834E-003          29
   6.8899999999998975       1.01787065969555527E-003          29
   6.8999999999998973       1.00774033947107497E-003          29
   6.9099999999998971       9.97710717218793430E-004          29
   6.9199999999998969       9.87780786967262792E-004          29
   6.9299999999998967       9.77949552286780420E-004          29
   6.9399999999998965       9.68216026741342906E-004          29
   6.9499999999998963       9.58579233392234126E-004          29
   6.9599999999998960       9.49038204872002097E-004          29
   6.9699999999998958       9.39591983338632455E-004          29
   6.9799999999998956       9.30239620111650203E-004          29
   6.9899999999998954       9.20980175881576184E-004          29
   6.9999999999998952       9.11812720421657894E-004          29
   7.0099999999998950       9.02736332522118467E-004          29
   7.0199999999998948       8.93750099913949848E-004          29
   7.0299999999998946       8.84853119147975997E-004          29
   7.0399999999998943       8.76145309370615654E-004          30
   7.0499999999998941       8.67428542704527751E-004          30
   7.0599999999998939       8.58798553835642196E-004          30
   7.0699999999998937       8.50254481294805491E-004          30
   7.0799999999998935       8.41795471975843716E-004          30
   7.0899999999998933       8.33420681605191748E-004          30
   7.0999999999998931       8.25129274364145735E-004          30
   7.1099999999998929       8.16920422620510261E-004          30
   7.1199999999998926       8.08793307275558547E-004          30
   7.1299999999998924       8.00747117394451239E-004          30
   7.1399999999998922       7.92781050236283555E-004          30
   7.1499999999998920       7.84894311146302039E-004          30
   7.1599999999998918       7.77086113473759001E-004          30
   7.1699999999998916       7.69355678477698498E-004          30
   7.1799999999998914       7.61702235187752146E-004          30
   7.1899999999998911       7.54125020704544870E-004          30
   7.1999999999998909       7.46623279470311663E-004          30
   7.2099999999998907       7.39196263931483021E-004          30
   7.2199999999998905       7.31843233798900412E-004          30
   7.2299999999998903       7.24563456429808020E-004          30
   7.2399999999998901       7.17356206642973289E-004          30
   7.2499999999998899       7.10220766483590261E-004          30
   7.2599999999998897       7.03156425424605078E-004          30
   7.2699999999998894       6.96162480090900147E-004          30
   7.2799999999998892       6.89238234331124820E-004          30
   7.2899999999998890       6.82382998983122827E-004          30
   7.2999999999998888       6.75596091881573409E-004          30
   7.3099999999998886       6.68876838097459485E-004          30
   7.3199999999998884       6.62224569320675775E-004          30
   7.3299999999998882       6.55638624219149297E-004          30
   7.3399999999998879       6.49118348207073596E-004          30
   7.3499999999998877       6.42663093444938226E-004          30
   7.3599999999998875       6.36272218695133952E-004          30
   7.3699999999998873       6.29945089401232430E-004          30
   7.3799999999998871       6.23681077508945287E-004          30
   7.3899999999998869       6.17376533314081257E-004          31
   7.3999999999998867       6.11232487097039209E-004          31
   7.4099999999998865       6.05149530512643285E-004          31
   7.4199999999998862       5.99127053617045996E-004          31
   7.4299999999998860       5.93164452846387533E-004          31
   7.4399999999998858       5.87261130413339687E-004          31
   7.4499999999998856       5.81416494363124728E-004          31
   7.4599999999998854       5.75629958499167759E-004          31
   7.4699999999998852       5.69900942703172281E-004          31
   7.4799999999998850       5.64228872016761160E-004          31
   7.4899999999998847       5.58613177546812985E-004          31
   7.4999999999998845       5.53053295861297665E-004          31
   7.5099999999998843       5.47548668885092845E-004          31
   7.5199999999998841       5.42098744164976141E-004          31
   7.5299999999998839       5.36702974508243211E-004          31
   7.5399999999998837       5.31360818121364743E-004          31
   7.5499999999998835       5.26071738581430307E-004          31
   7.5599999999998833       5.20835204330474290E-004          31
   7.5699999999998830       5.15650689458114716E-004          31
   7.5799999999998828       5.10517672795875155E-004          31
   7.5899999999998826       5.05435638370608695E-004          31
   7.5999999999998824       5.00404075329325760E-004          31
   7.6099999999998822       4.95422477413985218E-004          31
   7.6199999999998820       4.90490343468849067E-004          31
   7.6299999999998818       4.85607177296011356E-004          31
   7.6399999999998816       4.80772487143443881E-004          31
   7.6499999999998813       4.75985786373677388E-004          31
   7.6599999999998811       4.71246592632641292E-004          31
   7.6699999999998809       4.66554428500177390E-004          31
   7.6799999999998807       4.61908820865308259E-004          31
   7.6899999999998805       4.57309301329979234E-004          31
   7.6999999999998803       4.52755406035702617E-004          31
   7.7099999999998801       4.48246674988574058E-004          31
   7.7199999999998798       4.43782653212345529E-004          31
   7.7299999999998796       4.39463252324876342E-004          32
   7.7399999999998794       4.35091539586955004E-004          32
   7.7499999999998792       4.30763369027659907E-004          32
   7.7599999999998790       4.26478309379157159E-004          32
   7.7699999999998788       4.22235933321852067E-004          32
   7.7799999999998786       4.18035818154521214E-004          32
   7.7899999999998784       4.13877545368603842E-004          32
   7.7999999999998781       4.09760700659557182E-004          32
   7.8099999999998779       4.05684873842382528E-004          32
   7.8199999999998777       4.01649659036965099E-004          32
   7.8299999999998775       3.97654654622213964E-004          32
   7.8399999999998773       3.93699462625123336E-004          32
   7.8499999999998771       3.89783689552980570E-004          32
   7.8599999999998769       3.85906945847524748E-004          32
   7.8699999999998766       3.82068845568384952E-004          32
   7.8799999999998764       3.78269007186226149E-004          32
   7.8899999999998762       3.74507052949660279E-004          32
   7.8999999999998760       3.70782608692857404E-004          32
   7.9099999999998758       3.67095304587822149E-004          32
   7.9199999999998756       3.63444773961080648E-004          32
   7.9299999999998754       3.59830654623835881E-004          32
   7.9399999999998752       3.56252587577244716E-004          32
   7.9499999999998749       3.52710217827101845E-004          32
   7.9599999999998747       3.49203193966453492E-004          32
   7.9699999999998745       3.45731168143680186E-004          32
   7.9799999999998743       3.42293796207926329E-004          32
   7.9899999999998741       3.38890737661836131E-004          32
   7.9999999999998739       3.35521655454738311E-004          32
   8.0099999999998737       3.32186216001750876E-004          32
   8.0199999999998735       3.28884089258073742E-004          32
   8.0299999999998732       3.25614948885482344E-004          32
   8.0399999999998730       3.22378471311872352E-004          32
   8.0499999999998728       3.19174337281177953E-004          32
   8.0599999999998726       3.16002230474391485E-004          32
   8.0699999999998724       3.12861837528857789E-004          32
   8.0799999999998722       3.09651483811848149E-004          33
   8.0899999999998720       3.06569370562719153E-004          33
   8.0999999999998717       3.03517882030501589E-004          33
   8.1099999999998715       3.00496711711080997E-004          33
   8.1199999999998713       2.97505556000816885E-004          33
   8.1299999999998711       2.94544114788303690E-004          33
   8.1399999999998709       2.91612090004510910E-004          33
   8.1499999999998707       2.88709187131886596E-004          33
   8.1599999999998705       2.85835114716919737E-004          33
   8.1699999999998703       2.82989582922466953E-004          33
   8.1799999999998700       2.80172306080304467E-004          33
   8.1899999999998698       2.77383000363124431E-004          33
   8.1999999999998696       2.74621385448666595E-004          33
   8.2099999999998694       2.71887182891056799E-004          33
   8.2199999999998692       2.69180117477780211E-004          33
   8.2299999999998690       2.66499916338915348E-004          33
   8.2399999999998688       2.63846309559416221E-004          33
   8.2499999999998685       2.61219029366448923E-004          33
   8.2599999999998683       2.58617810632957238E-004          33
   8.2699999999998681       2.56042391374661086E-004          33
   8.2799999999998679       2.53492511266831895E-004          33
   8.2899999999998677       2.50967912858464490E-004          33
   8.2999999999998675       2.48468340689379764E-004          33
   8.3099999999998673       2.45993542569264488E-004          33
   8.3199999999998671       2.43543267906290911E-004          33
   8.3299999999998668       2.41117268758529648E-004          33
   8.3399999999998666       2.38715299562424665E-004          33
   8.3499999999998664       2.36337116834143093E-004          33
   8.3599999999998662       2.33982479363005653E-004          33
   8.3699999999998660       2.31651148379526529E-004          33
   8.3799999999998658       2.29342887236534974E-004          33
   8.3899999999998656       2.27057461329861998E-004          33
   8.3999999999998654       2.24794638348357439E-004          33
   8.4099999999998651       2.22554188168771116E-004          33
   8.4199999999998649       2.20335882497665544E-004          33
   8.4299999999998647       2.18241348067478119E-004          34
   8.4399999999998645       2.16070844466273882E-004          34
   8.4499999999998643       2.13921980370261345E-004          34
   8.4599999999998641       2.11794542147727223E-004          34
   8.4699999999998639       2.09688318056023551E-004          34
   8.4799999999998636       2.07603099046124192E-004          34
   8.4899999999998634       2.05538678075890504E-004          34
   8.4999999999998632       2.03494850058973922E-004          34
   8.5099999999998630       2.01471412159496388E-004          34
   8.5199999999998628       1.99468163813943349E-004          34
   8.5299999999998626       1.97484905830028738E-004          34
   8.5399999999998624       1.95521442220539959E-004          34
   8.5499999999998622       1.93577578046140556E-004          34
   8.5599999999998619       1.91653120788384086E-004          34
   8.5699999999998617       1.89747879884248291E-004          34
   8.5799999999998615       1.87861667053413939E-004          34
   8.5899999999998613       1.85994295255254336E-004          34
   8.5999999999998611       1.84145580305805206E-004          34
   8.6099999999998609       1.82315339354737431E-004          34
   8.6199999999998607       1.80503391640758875E-004          34
   8.6299999999998604       1.78709558308304820E-004          34
   8.6399999999998602       1.76933662693700257E-004          34
   8.6499999999998600       1.75175529459126270E-004          34
   8.6599999999998598       1.73434985780607703E-004          34
   8.6699999999998596       1.71711860300750895E-004          34
   8.6799999999998594       1.70005983114235592E-004          34
   8.6899999999998592       1.68317187288942000E-004          34
   8.6999999999998590       1.66645306424809640E-004          34
   8.7099999999998587       1.64990176744063942E-004          34
   8.7199999999998585       1.63351636119331392E-004          34
   8.7299999999998583       1.61729523974241189E-004          34
   8.7399999999998581       1.60123681940051979E-004          34
   8.7499999999998579       1.58533952655495216E-004          34
   8.7599999999998577       1.56960181459913083E-004          34
   8.7699999999998575       1.55402214633011654E-004          34
   8.7799999999998573       1.53758023477712220E-004          35
   8.7899999999998570       1.52227071580221708E-004          35
   8.7999999999998568       1.50711310758942600E-004          35
   8.8099999999998566       1.49210588104238610E-004          35
   8.8199999999998564       1.47724752936567001E-004          35
   8.8299999999998562       1.46253654525261380E-004          35
   8.8399999999998560       1.44797144778745744E-004          35
   8.8499999999998558       1.43355076758166431E-004          35
   8.8599999999998555       1.41927304534285537E-004          35
   8.8699999999998553       1.40513683861219377E-004          35
   8.8799999999998551       1.39114071903812247E-004          35
   8.8899999999998549       1.37728327089250020E-004          35
   8.8999999999998547       1.36356308490844381E-004          35
   8.9099999999998545       1.34997877713725900E-004          35
   8.9199999999998543       1.33652896877698547E-004          35
   8.9299999999998541       1.32321229919977421E-004          35
   8.9399999999998538       1.31002741447815569E-004          35
   8.9499999999998536       1.29697297138954814E-004          35
   8.9599999999998534       1.28404764550937140E-004          35
   8.9699999999998532       1.27125012809333767E-004          35
   8.9799999999998530       1.25857910778357976E-004          35
   8.9899999999998528       1.24603329920612408E-004          35
   8.9999999999998526       1.23361141666520258E-004          35
   9.0099999999998523       1.22131219784826393E-004          35
   9.0199999999998521       1.20913438629985387E-004          35
   9.0299999999998519       1.19707673618488542E-004          35
   9.0399999999998517       1.18513800837459371E-004          35
   9.0499999999998515       1.17331698501232541E-004          35
   9.0599999999998513       1.16161244895523892E-004          35
   9.0699999999998511       1.15002320251372792E-004          35
   9.0799999999998509       1.13854804859769284E-004          35
   9.0899999999998506       1.12718581179309011E-004          35
   9.0999999999998504       1.11593531215615441E-004          35
   9.1099999999998502       1.10479538994544469E-004          35
   9.1199999999998500       1.09376490141811230E-004          35
   9.1299999999998498       1.08385756816069842E-004          36
   9.1399999999998496       1.07308330392832908E-004          36
   9.1499999999998494       1.06241666335112116E-004          36
   9.1599999999998492       1.05185658277913004E-004          36
   9.1699999999998489       1.04140202462142038E-004          36
   9.1799999999998487       1.03105195442252290E-004          36
   9.1899999999998485       1.02080535864163249E-004          36
   9.1999999999998483       1.01066120913705614E-004          36
   9.2099999999998481       1.00061851954064550E-004          36
   9.2199999999998479       9.90676298325851801E-005          36
   9.2299999999998477       9.80833564379266214E-005          36
   9.2399999999998474       9.71089351012400717E-005          36
   9.2499999999998472       9.61442697961069435E-005          36
   9.2599999999998470       9.51892662919895301E-005          36
   9.2699999999998468       9.42438303965064116E-005          36
   9.2799999999998466       9.33078697091468967E-005          36
   9.2899999999998464       9.23812918477861405E-005          36
   9.2999999999998462       9.14640070861879635E-005          36
   9.3099999999998460       9.05559255050949146E-005          36
   9.3199999999998457       8.96569580611150305E-005          36
   9.3299999999998455       8.87670179150048193E-005          36
   9.3399999999998453       8.78860172918986718E-005          36
   9.3499999999998451       8.70138713104028311E-005          36
   9.3599999999998449       8.61504949918759453E-005          36
   9.3699999999998447       8.52958047560676956E-005          36
   9.3799999999998445       8.44497169377345390E-005          36
   9.3899999999998442       8.36121506398927836E-005          36
   9.3999999999998440       8.27830250947137250E-005          36
   9.4099999999998438       8.19622593131058314E-005          36
   9.4199999999998436       8.11497753187180186E-005          36
   9.4299999999998434       8.03454946789659255E-005          36
   9.4399999999998432       7.95493399625375931E-005          36
   9.4499999999998430       7.87612350830952567E-005          36
   9.4599999999998428       7.79811053925795488E-005          36
   9.4699999999998425       7.72088761344753366E-005          36
   9.4799999999998423       7.63437403052469522E-005          37
   9.4899999999998421       7.55830855777693696E-005          37
   9.4999999999998419       7.48299587888712659E-005          37
   9.5099999999998417       7.40842831218720474E-005          37
   9.5199999999998415       7.33459831278618585E-005          37
   9.5299999999998413       7.26149842076370536E-005          37
   9.5399999999998411       7.18912109942693042E-005          37
   9.5499999999998408       7.11745911221374109E-005          37
   9.5599999999998406       7.04650501195563565E-005          37
   9.5699999999998404       6.97625166863643755E-005          37
   9.5799999999998402       6.90669179642791403E-005          37
   9.5899999999998400       6.83781839280980547E-005          37
   9.5999999999998398       6.76962437349696769E-005          37
   9.6099999999998396       6.70210278933989427E-005          37
   9.6199999999998393       6.63524653789405072E-005          37
   9.6299999999998391       6.56904900540601871E-005          37
   9.6399999999998389       6.50350324083304578E-005          37
   9.6499999999998387       6.43860245141730705E-005          37
   9.6599999999998385       6.37434003797792738E-005          37
   9.6699999999998383       6.31070931544684097E-005          37
   9.6799999999998381       6.24770388994600471E-005          37
   9.6899999999998379       6.18531693814080614E-005          37
   9.6999999999998376       6.12354218771464363E-005          37
   9.7099999999998374       6.06237316997052661E-005          37
   9.7199999999998372       6.00180352557514707E-005          37
   9.7299999999998370       5.94182697537302168E-005          37
   9.7399999999998368       5.88243708885369214E-005          37
   9.7499999999998366       5.82362787412310070E-005          37
   9.7599999999998364       5.76539305746817706E-005          37
   9.7699999999998361       5.70772648936361424E-005          37
   9.7799999999998359       5.65062220012064846E-005          37
   9.7899999999998357       5.59407404912811497E-005          37
   9.7999999999998355       5.53807609902109250E-005          37
   9.8099999999998353       5.48262241879516162E-005          37
   9.8199999999998351       5.42770717999685473E-005          37
   9.8299999999998349       5.37332427459205617E-005          37
   9.8399999999998347       5.32982661756376802E-005          38
   9.8499999999998344       5.27689900502967098E-005          38
   9.8599999999998342       5.22450227721554911E-005          38
   9.8699999999998340       5.17263106770977487E-005          38
   9.8799999999998338       5.12128049467609086E-005          38
   9.8899999999998336       5.07044550102744612E-005          38
   9.8999999999998334       5.02012108140053475E-005          38
   9.9099999999998332       4.97030246576065179E-005          38
   9.9199999999998330       4.92098463799708996E-005          38
   9.9299999999998327       4.87216300934554422E-005          38
   9.9399999999998325       4.82383266095480902E-005          38
   9.9499999999998323       4.77598898927063595E-005          38
   9.9599999999998321       4.72862737718168021E-005          38
   9.9699999999998319       4.68174330179430448E-005          38
   9.9799999999998317       4.63533220498587402E-005          38
   9.9899999999998315       4.58938958871009641E-005          38
   9.9999999999998312       4.54391106330435146E-005          38
