   0.0000000000000000        0.0000000000000000        0.0000000000000000                            NaN
  1.00000000000000002E-002  5.00000000000000083E-007  3.34168336115067341E-007  0.49625187656268654     
  2.00000000000000004E-002  3.01002500000000046E-006  2.68005351162039530E-006  0.12312123132948195     
  2.99999999999999989E-002  9.56027575124999965E-006  9.06790703371113289E-006  5.42979450173476097E-002
  4.00000000000000008E-002  2.22013565225500617E-005  2.15483847764534608E-005  3.03025842943978746E-002
  5.00000000000000028E-002  4.30044801556016905E-005  4.21927520480793340E-005  1.92385674818598938E-002
  5.99999999999999978E-002  7.40616751811654881E-005  7.30930907192443857E-005  1.32513819348740128E-002
  7.00000000000000067E-002  1.17485995016736205E-004  1.16362508432958124E-004  9.65505641729418225E-003
  8.00000000000000017E-002  1.75411729266654407E-004  1.74135349917108918E-004  7.32981183977328508E-003
  8.99999999999999967E-002  2.49994617145784257E-004  2.48567410420715744E-004  5.74172906517743647E-003
  0.10000000000000001       3.43412063048099373E-004  3.41836151295249642E-004  4.61013777179052411E-003
  0.11000000000000000       4.57863354281732725E-004  4.56140917742582945E-004  3.77610618155903820E-003
  0.12000000000000000       5.95569880992264061E-004  5.93703158751342479E-004  3.14420129555586722E-003
  0.13000000000000000       7.58775358296236266E-004  7.56766649243660865E-004  2.65433083577741548E-003
  0.14000000000000001       9.49746050647113358E-004  9.47597714454536007E-004  2.26713948314448454E-003
  0.14999999999999999       1.17077099845611684E-003  1.16848545656624524E-003  1.95598659532142177E-003
  0.16000000000000000       1.42416224699060080E-003  1.42174198362047025E-003  1.70232250156061404E-003
  0.17000000000000001       1.71225507757285633E-003  1.70970264073102836E-003  1.49291273290459844E-003
  0.17999999999999999       2.03740824110246362E-003  2.03472624362033023E-003  1.31811219840630048E-003
  0.19000000000000000       2.40200419392554328E-003  2.39919531450291743E-003  1.17075896474389722E-003
  0.20000000000000001       2.80844933607449524E-003  2.80551632033966937E-003  1.04544597141062608E-003
  0.20999999999999999       3.25917425190204403E-003  3.25611991348650435E-003  9.38030077728075240E-004
  0.22000000000000000       3.75663395313365978E-003  3.75346117476164226E-003  8.45294043095837027E-004
  0.23000000000000001       4.30330812436265347E-003  4.30001985895572987E-003  7.64709353626604155E-004
  0.23999999999999999       4.90170137101249813E-003  4.89830064280938771E-003  6.94266940944635708E-004
  0.25000000000000000       5.55434346979117449E-003  5.55083337548297178E-003  6.32354471980038938E-004
  0.26000000000000001       6.26378962166257609E-003  6.26017333154360069E-003  5.77666132781617632E-004
  0.27000000000000002       7.03262070736028564E-003  7.02890146649473406E-003  5.29135439340045377E-004
  0.28000000000000003       7.86344354546925778E-003  7.85962467487387809E-003  4.85884600518913796E-004
  0.28999999999999998       8.75889115310122396E-003  8.75497605094421524E-003  4.47185935658439137E-004
  0.29999999999999999       9.72162300918989232E-003  9.71761515200621727E-003  4.12432178161287058E-004
  0.31000000000000000       1.07543253204322523E-002  1.07502282643556005E-002  3.81113402981064352E-004
  0.32000000000000001       1.18597112899025969E-002  1.18555286719141829E-002  3.52798943359034260E-004
  0.33000000000000002       1.30405213883661181E-002  1.30362569275605487E-002  3.27123102073395653E-004
  0.34000000000000002       1.42995236283191985E-002  1.42951811271876117E-002  3.03773774739231936E-004
  0.35000000000000003       1.56395138407838079E-002  1.56350971865145162E-002  2.82483326876988570E-004
  0.35999999999999999       1.70633159548836850E-002  1.70588291206805395E-002  2.63021229147908061E-004
  0.37000000000000000       1.85737822802302666E-002  1.85692293266489471E-002  2.45188074379882161E-004
  0.38000000000000000       2.01737937921465833E-002  2.01691788684490898E-002  2.28810688208665050E-004
  0.39000000000000001       2.18662604197576577E-002  2.18615877652851842E-002  2.13738111002775675E-004
  0.40000000000000002       2.36541213369762249E-002  2.36493952825406716E-002  1.99838278276923430E-004
  0.41000000000000003       2.55403452564128379E-002  2.55355702257071930E-002  1.86995264387625313E-004
  0.41999999999999998       2.75279307262397896E-002  2.75231112372676355E-002  1.75106983022626692E-004
  0.42999999999999999       2.96199064300385027E-002  2.96150470965628500E-002  1.64083260101137549E-004
  0.44000000000000000       3.18193314896603949E-002  3.18144370226721360E-002  1.53844211820279212E-004
  0.45000000000000001       3.41292957711314821E-002  3.41243709803376802E-002  1.44318873940255582E-004
  0.46000000000000002       3.65529201936313566E-002  3.65479699889636120E-002  1.35444038868354769E-004
  0.47000000000000003       3.90933570415773549E-002  3.90883864347205470E-002  1.27163265362948238E-004
  0.47999999999999998       4.17537902798452085E-002  4.17488043857868335E-002  1.19426032235605398E-004
  0.48999999999999999       4.45374358721576519E-002  4.45324399107580177E-002  1.12187012650687886E-004
  0.50000000000000000       4.74475421026728378E-002  4.74425414002563606E-002  1.05405449811130642E-004
  0.51000000000000001       5.04873899008047022E-002  5.04823898917726860E-002  9.90446181873636265E-005
  0.52000000000000002       5.36602931693077947E-002  5.36552993977727696E-002  9.30713571832646723E-005
  0.53000000000000003       5.69695991156593390E-002  5.69646172371013892E-002  8.74556663343119956E-005
  0.54000000000000004       6.04186885867717197E-002  6.04137243697170090E-002  8.21703529537576050E-005
  0.55000000000000004       6.40109764070687787E-002  6.40060357347905645E-002  7.71907246167511757E-005
  0.56000000000000005       6.77499117199598239E-002  6.77450005922022730E-002  7.24943200918085420E-005
  0.57000000000000006       7.16389783327454205E-002  7.16341028674704200E-002  6.80606733362815023E-005
  0.57999999999999996       7.56816950649895209E-002  7.56768615001468803E-002  6.38711060002304019E-005
  0.58999999999999997       7.98816161003926689E-002  7.98768307957140045E-002  5.99085445803793228E-005
  0.59999999999999998       8.42423313422016179E-002  8.42376007810180932E-002  5.61573589426188371E-005
  0.60999999999999999       8.87674667721907451E-002  8.87627975632750560E-002  5.26032194102562441E-005
  0.62000000000000000       9.34606848132512602E-002  9.34560836926842387E-002  4.92329700242054088E-005
  0.63000000000000000       9.83256846956244435E-002  9.83211585286864337E-002  4.60345159245577145E-005
  0.64000000000000001       0.10336620282681547       0.10336175860990289       4.29967230854726081E-005
  0.65000000000000002       0.10858601316522497       0.10858165802779234       4.01093288842351313E-005
  0.66000000000000003       0.11398892759753548       0.11398466880406324       3.73628621894765510E-005
  0.67000000000000004       0.11957879631989073       0.11957464127187921       3.47485718319631083E-005
  0.68000000000000005       0.12535950822290565       0.12535546446089540       3.22583624705348511E-005
  0.69000000000000006       0.13133499128054585       0.13133106648616488       2.98847369931288551E-005
  0.70000000000000007       0.13750921294291535       0.13750541494095331       2.76207447079219091E-005
  0.70999999999999996       0.14388618053299165       0.14388251729350149       2.54599346680337398E-005
  0.71999999999999997       0.15046994164734823       0.15046642128777576       2.33963135584191460E-005
  0.72999999999999998       0.15726458456090409       0.15726121534824558       2.14243076466378743E-005
  0.73999999999999999       0.16427423863574117       0.16427102898872945       1.95387283532886600E-005
  0.75000000000000000       0.17150307473403037       0.17150003322534965       1.77347410581625002E-005
  0.76000000000000001       0.17895530563510739       0.17895244099363755       1.60078367969433164E-005
  0.77000000000000002       0.18663518645674024       0.18663250756983038       1.43538065513840789E-005
  0.78000000000000003       0.19454701508063049       0.19454453099640262       1.27687178619153925E-005
  0.79000000000000004       0.20269513258219082       0.20269285251187372       1.12488935295489787E-005
  0.80000000000000004       0.21108392366464185       0.21108185698493562       9.79089219580937333E-006
  0.81000000000000005       0.21971781709747151       0.21971597335294327       8.39149061449557450E-006
  0.82000000000000006       0.22860128615930111       0.22859967506481202       7.04766745026612311E-006
  0.83000000000000007       0.23773884908520210       0.23773748052836624       5.75658845553173363E-006
  0.83999999999999997       0.24713506951850839       0.24713395356218396       4.51559289343659717E-006
  0.84999999999999998       0.25679455696716941       0.25679370385198241       3.32218109010054614E-006
  0.85999999999999999       0.26672196726468944       0.26672138741159046       2.17400300968778024E-006
  0.87000000000000000       0.27692200303569958       0.27692170704855396       1.06884775766101875E-006
  0.88000000000000000       0.28739941416620840       0.28739941283442028       4.63392778395527492E-009
  0.89000000000000001       0.29815899827857878       0.29815930257974965       1.02059928447529387E-006
  0.90000000000000002       0.30920560121127849       0.30920622231389999       2.00870026758486201E-006
  0.91000000000000003       0.32054411750345185       0.32054506676963385       2.96141254507408046E-006
  0.92000000000000004       0.33217949088436155       0.33218077987259603       3.88038174567715911E-006
  0.93000000000000005       0.34411671476774941       0.34411835523571010       4.76716204101202503E-006
  0.94000000000000006       0.35636083275116531       0.35636283665854374       5.62322209917445620E-006
  0.95000000000000007       0.36891693912031454       0.36891931863169319       6.44995059484537213E-006
  0.95999999999999996       0.38179017935847370       0.38179294684623627       7.24866131086955406E-006
  0.96999999999999997       0.39498575066102637       0.39498891870830594       8.02059786873805561E-006
  0.97999999999999998       0.40850890245516969       0.40851248385883515       8.76693811565927556E-006
  0.98999999999999999       0.42236493692484417       0.42236894469852548       9.48879819792244918E-006
   1.0000000000000000       0.43655920954093885       0.43656365691809140       1.01872363447431208E-005
   1.0100000000000000       0.45109712959682530       0.45110203003383398       1.08632563863962689E-005
   1.0200000000000000       0.46598416074927340       0.46598952792859688       1.15178110275071715E-005
   1.0300000000000000       0.48122582156480359       0.48123166939815931       1.21518048947910742E-005
   1.0400000000000000       0.49682768607152988       0.49683402870312016       1.27660973762781320E-005
   1.0500000000000000       0.51279538431654881       0.51280223612632869       1.33615052688581841E-005
   1.0600000000000001       0.52913460292893011       0.52914197853591771       1.39388052484713771E-005
   1.0700000000000001       0.54585108568836582       0.54585899995399456       1.44987361743710402E-005
   1.0800000000000001       0.56295063409953394       0.56295910213104894       1.50420012447463622E-005
   1.0900000000000001       0.58043910797223430       0.58044814512613196       1.55692700089482168E-005
   1.1000000000000001       0.59832242600735530       0.59833204789286754       1.60811802511991196E-005
   1.1100000000000001       0.61660656638872924       0.61661678887135263       1.65783397531244205E-005
   1.1200000000000001       0.63529756738093601       0.63530840658600551       1.70613279426742115E-005
   1.1300000000000001       0.65440152793311446       0.65441300024942450       1.75306974428587114E-005
   1.1400000000000001       0.67392460828884226       0.67393673037231305       1.79869755193374763E-005
   1.1500000000000001       0.69387303060214511       0.69388581937953686       1.84306654417342521E-005
   1.1599999999999999       0.71425307955969664       0.71426655223237101       1.88622477592818576E-005
   1.1699999999999999       0.73507110300927159       0.73508527705700155       1.92821814996920993E-005
   1.1799999999999999       0.75633351259451476       0.75634840577934348       1.96909052956589832E-005
   1.1899999999999999       0.77804678439608965       0.77806241476623839       2.00888384429026764E-005
   1.2000000000000000       0.80021745957927037       0.80023384547309684       2.04763818965662793E-005
   1.2100000000000000       0.82285214504804205       0.82286930509804934       2.08539192080417161E-005
   1.2200000000000000       0.84595751410577491       0.84597546724267125       2.12218174066656075E-005
   1.2300000000000000       0.86954030712253794       0.86955907257934917       2.15804278317379765E-005
   1.2400000000000000       0.89360733220911948       0.89362692952535339       2.19300869148149974E-005
   1.2500000000000000       0.91816546589782111       0.91818591492368495       2.22711169181289200E-005
   1.2600000000000000       0.94322165383009426       0.94324297473076657       2.26038266316179673E-005
   1.2700000000000000       0.96878291145108675       0.96880512471104341       2.29285120299975721E-005
   1.2800000000000000       0.99485632471117014       0.99487945113856535       2.32454568930419500E-005
   1.2900000000000000        1.0214490507745175        1.0214731115056206       2.35549333918291818E-005
   1.3000000000000000        1.0485683187348014        1.0485933352384911       2.38572026437686193E-005
   1.3100000000000001        1.0762214303380861        1.0762474244204001       2.41525152340888550E-005
   1.3200000000000001        1.1044157607129839        1.1044427545217279       2.44411117131520230E-005
   1.3300000000000001        1.1331587591081493        1.1331867751375644       2.47232230641277263E-005
   1.3400000000000001        1.1624579496371863        1.1624870107326744       2.49990711463886554E-005
   1.3500000000000001        1.1923209320310399        1.1923510613939516       2.52688691168412831E-005
   1.3600000000000001        1.2227553823979520        1.2227866035904322       2.55328218256155918E-005
   1.3700000000000001        1.2537690539910515        1.2538013909409489       2.57911261950993778E-005
   1.3800000000000001        1.2853697779836617        1.2854032549894994       2.60439715767960613E-005
   1.3900000000000001        1.3175654642523975        1.3176001059884070       2.62915400902660650E-005
   1.4000000000000001        1.3503641021681341        1.3503999336893526       2.65340069446398573E-005
   1.4099999999999999        1.3837737613949239        1.3838108081423561       2.67715407440300636E-005
   1.4199999999999999        1.4178025926969429        1.4178408805027891       2.70043037782006476E-005
   1.4299999999999999        1.4524588287535471        1.4524983838464960       2.72324522964977228E-005
   1.4399999999999999        1.4877507849825202        1.4877916339931094       2.74561367706916649E-005
   1.4500000000000000        1.5236868603715945        1.5237290303376387       2.76755021428456234E-005
   1.4600000000000000        1.5602755383183291        1.5603190566904162       2.78906880618087033E-005
   1.4700000000000000        1.5975253874784283        1.5975702821254858       2.81018291087329539E-005
   1.4800000000000000        1.6354450626225865        1.6354913618375175       2.83090550102486920E-005
   1.4900000000000000        1.6740433055019435        1.6740910380073335       2.85124908421026136E-005
   1.5000000000000000        1.7133289457222380        1.7133781406761341       2.87122572234346726E-005
   1.5100000000000000        1.7533109016267465        1.7533615886285088       2.89084705008842063E-005
   1.5200000000000000        1.7939981811880954        1.7940503902843230       2.91012429251402304E-005
   1.5300000000000000        1.8353998829090359        1.8354536445995664       2.92906828176726522E-005
   1.5400000000000000        1.8775251967322717        1.8775805419762566       2.94768947310342136E-005
   1.5500000000000000        1.9203834049594311        1.9204403651814876       2.96599796011927743E-005
   1.5600000000000001        1.9639838831792733        1.9640424902757132       2.98400348923574586E-005
   1.5700000000000001        2.0083361012052250        2.0083963875503614       3.00171547360584093E-005
   1.5800000000000001        2.0534496240223374        2.0535116224748720       3.01914300634916745E-005
   1.5900000000000001        2.0993341127437621        2.0993978566532498       3.03629487310849973E-005
   1.6000000000000001        2.1459993255768368        2.1460648487902354       3.05317956423938641E-005
   1.6100000000000001        2.1934551187988842        2.1935224556671811       3.06980528614516016E-005
   1.6200000000000001        2.2417114477428131        2.2417806331277403       3.08617997251391129E-005
   1.6300000000000001        2.2907783677926283        2.2908494370734576       3.10231129462695628E-005
   1.6400000000000001        2.3406660353889444        2.3407390244693684       3.11820667152869685E-005
   1.6500000000000001        2.3913847090446034        2.3914596543597040       3.13387327960654022E-005
   1.6600000000000001        2.4429447503705015        2.4430216888938041       3.14931806182334551E-005
   1.6699999999999999        2.4953566251117252        2.4954355943623407       3.16454773643425462E-005
   1.6799999999999999        2.5486309041940980        2.5487119422439566       3.17956880553738963E-005
   1.6899999999999999        2.6027782647812487        2.6028614102624195       3.19438756296818629E-005
   1.7000000000000000        2.6578094913423005        2.6578947834544069       3.20901010218102199E-005
   1.7100000000000000        2.7137354767302906        2.7138229552480153       3.22344232351485575E-005
   1.7200000000000000        2.7705672232714300        2.7706569285521154       3.23768994136321503E-005
   1.7300000000000000        2.8283158438653078        2.8284078168566493       3.25175849088743803E-005
   1.7400000000000000        2.8869925630961544        2.8870868453439900       3.26565333452423200E-005
   1.7500000000000000        2.9466087183552707        2.9467053520114690       3.27937966828991989E-005
   1.7600000000000000        3.0071757609747412        3.0072747888051854       3.29294252766263631E-005
   1.7700000000000000        3.0687052573725375        3.0688067227652107       3.30634679338055799E-005
   1.7800000000000000        3.1312088902091317        3.1313128371823002       3.31959719687566972E-005
   1.7900000000000000        3.1946984595557337        3.1948049327662353       3.33269832563522664E-005
   1.8000000000000000        3.2591858840742689        3.2592949288259012       3.34565462818045206E-005
   1.8100000000000001        3.3246832022092154        3.3247948644612286       3.35847041893500223E-005
   1.8200000000000001        3.3912025733914182        3.3913168997671157       3.37114988296662699E-005
   1.8300000000000001        3.4587562792540019        3.4588733170494441       3.38369708035713744E-005
   1.8400000000000001        3.5273567248605047        3.5274765220533233       3.39611595058593761E-005
   1.8500000000000001        3.5970164399453526        3.5971390452036736       3.40841031665017367E-005
   1.8600000000000001        3.6677480801668034        3.6678735428582785       3.42058388897711815E-005
   1.8700000000000001        3.7395644283724798        3.7396927985734325       3.43264026931989257E-005
   1.8800000000000001        3.8124783958776232        3.8126097243823076       3.44458295441514014E-005
   1.8900000000000001        3.8865030237561933        3.8866373620861654       3.45641533945452176E-005
   1.9000000000000001        3.9616514841449431        3.9617888845585498       3.46814072153871992E-005
   1.9100000000000001        4.0379370815605995        4.0380775970625846       3.47976230291718316E-005
   1.9199999999999999        4.1153732542302839        4.1155169385815116       3.49128319411593280E-005
   1.9299999999999999        4.1939735754352983        4.1941204831625978       3.50270641697806768E-005
   1.9399999999999999        4.2737517548684227        4.2739019412745565       3.51403490761760450E-005
   1.9500000000000000        4.3547216400048505        4.3548751611785992       3.52527151908352523E-005
   1.9600000000000000        4.4368972174868997        4.4370541303132782       3.53641902420179352E-005
   1.9700000000000000        4.5202926145226430        4.5204529766932398       3.54748011811176033E-005
   1.9800000000000000        4.6049221002985954        4.6050859703220377       3.55845742073854194E-005
   1.9900000000000000        4.6908000874065960        4.6909675246191460       3.56935347923910748E-005
   2.0000000000000000        4.7779411332850321        4.7781121978613124       3.58017077030574910E-005
