   0.0000000000000000        0.0000000000000000        0.0000000000000000                            
  1.00000000000000002E-002   0.0000000000000000       3.34168336115067341E-007   1.0000000000000000     
  2.00000000000000004E-002  1.00000000000000017E-006  2.68005351162039530E-006  0.62687312187457511     
  2.99999999999999989E-002  5.01000000000000031E-006  9.06790703371113289E-006  0.44750205517384900     
  4.00000000000000008E-002  1.40600999999999994E-005  2.15483847764534608E-005  0.34751025908151245     
  5.00000000000000028E-002  3.02007009999999998E-005  4.21927520480793340E-005  0.28422064136546948     
  5.99999999999999978E-002  5.55027080100000048E-005  7.30930907192443857E-005  0.24065725687822201     
  7.00000000000000067E-002  9.20577350901000130E-005  1.16362508432958124E-004  0.20887117053566465     
  8.00000000000000017E-002  1.41978312441001011E-004  1.74135349917108918E-004  0.18466691278603195     
  8.99999999999999967E-002  2.07398095565411022E-004  2.48567410420715744E-004  0.16562635779816470     
  0.10000000000000001       2.90472076521065153E-004  3.41836151295249642E-004  0.15025934085543946     
  0.11000000000000000       3.93376797286275814E-004  4.56140917742582945E-004  0.13759809307817289     
  0.12000000000000000       5.18310565259138558E-004  5.93703158751342479E-004  0.12698701763818676     
  0.13000000000000000       6.67493670911729941E-004  7.56766649243660865E-004  0.11796632214323063     
  0.14000000000000001       8.43168607620847234E-004  9.47597714454536007E-004  0.11020405098148756     
  0.14999999999999999       1.04760029369705570E-003  1.16848545656624524E-003  0.10345457206153610     
  0.16000000000000000       1.28307629663402633E-003  1.42174198362047025E-003  9.75322446575934421E-002
  0.17000000000000001       1.55190705960036668E-003  1.70970264073102836E-003  9.22941670507053946E-002
  0.17999999999999999       1.85642613019637039E-003  2.03472624362033023E-003  8.76285514982671765E-002
  0.19000000000000000       2.19899039149833424E-003  2.39919531450291743E-003  8.34466963962302855E-002
  0.20000000000000001       2.58198029541331772E-003  2.80551632033966937E-003  7.96773211781878765E-002
  0.20999999999999999       3.00780009836745105E-003  3.25611991348650435E-003  7.62624908531589624E-002
  0.22000000000000000       3.47887809935112577E-003  3.75346117476164226E-003  7.31546331841179814E-002
  0.23000000000000001       3.99766688034463701E-003  4.30001985895572987E-003  7.03143214516502302E-002
  0.23999999999999999       4.56664354914808335E-003  4.89830064280938771E-003  6.77086030127960203E-002
  0.25000000000000000       5.18830998463956465E-003  5.55083337548297178E-003  6.53097231209654877E-002
  0.26000000000000001       5.86519308448596021E-003  6.26017333154360069E-003  6.30941391139162450E-002
  0.27000000000000002       6.59984501533081996E-003  7.02890146649473406E-003  6.10417507215222990E-002
  0.28000000000000003       7.39484346548412858E-003  7.85962467487387809E-003  5.91352931744425561E-002
  0.28999999999999998       8.25279190013897095E-003  8.75497605094421524E-003  5.73598543140599743E-002
  0.29999999999999999       9.17631981914036193E-003  9.71761515200621727E-003  5.57024871224812840E-002
  0.31000000000000000       1.01680830173317659E-002  1.07502282643556005E-002  5.41518963791723790E-002
  0.32000000000000001       1.12307638475050847E-002  1.18555286719141829E-002  5.26981834128721488E-002
  0.33000000000000002       1.23670714859801367E-002  1.30362569275605487E-002  5.13326367606069811E-002
  0.34000000000000002       1.35797422008399390E-002  1.42951811271876117E-002  5.00475593825809653E-002
  0.35000000000000003       1.48715396228483385E-002  1.56350971865145162E-002  4.88361251968907825E-002
  0.35999999999999999       1.62452550190768236E-002  1.70588291206805395E-002  4.76922592897899636E-002
  0.37000000000000000       1.77037075692675940E-002  1.85692293266489471E-002  4.66105373656639232E-002
  0.38000000000000000       1.92497446449602719E-002  2.01691788684490898E-002  4.55861009258587552E-002
  0.39000000000000001       2.08862420914098755E-002  2.18615877652851842E-002  4.46145853790224645E-002
  0.40000000000000002       2.26161045123239764E-002  2.36493952825406716E-002  4.36920588400638368E-002
  0.41000000000000003       2.44422655574472181E-002  2.55355702257071930E-002  4.28149698086366728E-002
  0.41999999999999998       2.63676882130216908E-002  2.75231112372676355E-002  4.19801022597127566E-002
  0.42999999999999999       2.83953650951519095E-002  2.96150470965628500E-002  4.11845369495460953E-002
  0.44000000000000000       3.05283187461034312E-002  3.18144370226721360E-002  4.04256179561552423E-002
  0.45000000000000001       3.27696019335644642E-002  3.41243709803376802E-002  3.97009236464410803E-002
  0.46000000000000002       3.51222979529001098E-002  3.65479699889636120E-002  3.90082414014789949E-002
  0.47000000000000003       3.75895209324291144E-002  3.90883864347205470E-002  3.83455455444447410E-002
  0.47999999999999998       4.01744161417534051E-002  4.17488043857868335E-002  3.77109780075383580E-002
  0.48999999999999999       4.28801603031709402E-002  4.45324399107580177E-002  3.71028313494209533E-002
  0.50000000000000000       4.57099619062026549E-002  4.74425414002563606E-002  3.65195337963986760E-002
  0.51000000000000001       4.86670615252646835E-002  5.04823898917726860E-002  3.59596360314917221E-002
  0.52000000000000002       5.17547321405173316E-002  5.36552993977727696E-002  3.54217994976714357E-002
  0.53000000000000003       5.49762794619225101E-002  5.69646172371013892E-002  3.49047860166058141E-002
  0.54000000000000004       5.83350422565417359E-002  6.04137243697170090E-002  3.44074485534818925E-002
  0.55000000000000004       6.18343926791071544E-002  6.40060357347905645E-002  3.39287229829641004E-002
  0.56000000000000005       6.54777366058982291E-002  6.77450005922022730E-002  3.34676207319277094E-002
  0.57000000000000006       6.92685139719572129E-002  7.16341028674704200E-002  3.30232221919462138E-002
  0.57999999999999996       7.32101991116767825E-002  7.56768615001468803E-002  3.25946708091919279E-002
  0.58999999999999997       7.73063011027935593E-002  7.98768307957140045E-002  3.21811677718487274E-002
  0.59999999999999998       8.15603641138215041E-002  8.42376007810180932E-002  3.17819672257317123E-002
  0.60999999999999999       8.59759677549597201E-002  8.87627975632750560E-002  3.13963719578433595E-002
  0.62000000000000000       9.05567274325093235E-002  9.34560836926842387E-002  3.10237294953316922E-002
  0.63000000000000000       9.53062947068344241E-002  9.83211585286864337E-002  3.06634285739461193E-002
  0.64000000000000001       0.10022835765390277       0.10336175860990289       3.03148959357964695E-002
  0.65000000000000002       0.10532664123044180       0.10858165802779234       2.99775934211410286E-002
  0.66000000000000003       0.11060490764274622       0.11398466880406324       2.96510153231812935E-002
  0.67000000000000004       0.11606695671917369       0.11957464127187921       2.93346859785263842E-002
  0.68000000000000005       0.12171662628636544       0.12535546446089540       2.90281575691907698E-002
  0.69000000000000006       0.12755779254922911       0.13133106648616488       2.87310081147728255E-002
  0.70000000000000007       0.13359437047472142       0.13750541494095331       2.84428396358888461E-002
  0.70999999999999996       0.13983031417946865       0.14388251729350149       2.81632764720600448E-002
  0.71999999999999997       0.14626961732126334       0.15046642128777576       2.78919637391108893E-002
  0.72999999999999998       0.15291631349447599       0.15726121534824558       2.76285659127590288E-002
  0.73999999999999999       0.15977447662942076       0.16427102898872945       2.73727655265201229E-002
  0.75000000000000000       0.16684822139571498       0.17150003322534965       2.71242619733036983E-002
  0.76000000000000001       0.17414170360967213       0.17895244099363755       2.68827704011953932E-002
  0.77000000000000002       0.18165912064576886       0.18663250756983038       2.66480206948978421E-002
  0.78000000000000003       0.18940471185222657       0.19454453099640262       2.64197565351816134E-002
  0.79000000000000004       0.19738275897074883       0.20269285251187372       2.61977345294591400E-002
  0.80000000000000004       0.20559758656045632       0.21108185698493562       2.59817234072878996E-002
  0.81000000000000005       0.21405356242606088       0.21971597335294327       2.57715032752147896E-002
  0.82000000000000006       0.22275509805032151       0.22859967506481202       2.55668649259167546E-002
  0.83000000000000007       0.23170664903082475       0.23773748052836624       2.53676091970778290E-002
  0.83999999999999997       0.24091271552113300       0.24713395356218396       2.51735463758749264E-002
  0.84999999999999998       0.25037784267634433       0.25679370385198241       2.49844956453302569E-002
  0.85999999999999999       0.26010662110310778       0.26672138741159046       2.48002845691377462E-002
  0.87000000000000000       0.27010368731413886       0.27692170704855396       2.46207486118798849E-002
  0.88000000000000000       0.28037372418728024       0.28739941283442028       2.44457306918290582E-002
  0.89000000000000001       0.29092146142915304       0.29815930257974965       2.42750807637829233E-002
  0.90000000000000002       0.30175167604344461       0.30920622231389999       2.41086554296041297E-002
  0.91000000000000003       0.31286919280387904       0.32054506676963385       2.39463175743435501E-002
  0.92000000000000004       0.32427888473191785       0.33218077987259603       2.37879360260062622E-002
  0.93000000000000005       0.33598567357923703       0.34411835523571010       2.36333852371880745E-002
  0.94000000000000006       0.34799453031502942       0.35636283665854374       2.34825449869582835E-002
  0.95000000000000007       0.36031047561817975       0.36891931863169319       2.33353001015053768E-002
  0.95999999999999996       0.37293858037436156       0.38179294684623627       2.31915401921783705E-002
  0.96999999999999997       0.38588396617810516       0.39498891870830594       2.30511594096761419E-002
  0.97999999999999998       0.39915180583988624       0.40851248385883515       2.29140562132332977E-002
  0.98999999999999999       0.41274732389828511       0.42236894469852548       2.27801331537478488E-002
   1.0000000000000000       0.42667579713726800       0.43656365691809140       2.26492966698750575E-002
   1.0100000000000000       0.44094255510864067       0.45110203003383398       2.25214568961955713E-002
   1.0200000000000000       0.45555298065972710       0.46598952792859688       2.23965274826282354E-002
   1.0300000000000000       0.47051251046632436       0.48123166939815931       2.22744254243296275E-002
   1.0400000000000000       0.48582663557098760       0.49683402870312016       2.21550709013732909E-002
   1.0500000000000000       0.50150090192669750       0.51280223612632869       2.20383871275614263E-002
   1.0600000000000001       0.51754091094596444       0.52914197853591771       2.19243002077670196E-002
   1.0700000000000001       0.53395232005542415       0.54585899995399456       2.18127390032479447E-002
   1.0800000000000001       0.55074084325597839       0.56295910213104894       2.17036350044240260E-002
   1.0900000000000001       0.56791225168853821       0.58044814512613196       2.15969222106303683E-002
   1.1000000000000001       0.58547237420542364       0.59833204789286754       2.14925370164134079E-002
   1.1100000000000001       0.60342709794747784       0.61661678887135263       2.13904181039524174E-002
   1.1200000000000001       0.62178236892695260       0.63530840658600551       2.12905063412250212E-002
   1.1300000000000001       0.64054419261622220       0.65441300024942450       2.11927446855675501E-002
   1.1400000000000001       0.65971863454238444       0.67393673037231305       2.10970780922919779E-002
   1.1500000000000001       0.67931182088780828       0.69388581937953686       2.10034534280588818E-002
   1.1599999999999999       0.69932993909668639       0.71426655223237101       2.09118193887165502E-002
   1.1699999999999999       0.71977923848765324       0.73508527705700155       2.08221264213422942E-002
   1.1799999999999999       0.74066603087252980       0.75634840577934348       2.07343266502353733E-002
   1.1899999999999999       0.76199669118125513       0.77806241476623839       2.06483738066309992E-002
   1.2000000000000000       0.78377765809306765       0.80023384547309684       2.05642231619187731E-002
   1.2100000000000000       0.80601543467399839       0.82286930509804934       2.04818314641627384E-002
   1.2200000000000000       0.82871658902073841       0.84597546724267125       2.04011568777349231E-002
   1.2300000000000000       0.85188775491094582       0.86955907257934917       2.03221589258857464E-002
   1.2400000000000000       0.87553563246005528       0.89362692952535339       2.02447984360847669E-002
   1.2500000000000000       0.89966698878465590       0.91818591492368495       2.01690374879778672E-002
   1.2600000000000000       0.92428865867250243       0.94324297473076657       2.00948393638175210E-002
   1.2700000000000000       0.94940754525922744       0.96880512471104341       2.00221685012261993E-002
   1.2800000000000000       0.97503062071181978       0.99487945113856535       1.99509904481694339E-002
   1.2900000000000000        1.0011649269189380        1.0214731115056206       1.98812718200178026E-002
   1.3000000000000000        1.0278175761881274        1.0485933352384911       1.98129802585846511E-002
   1.3100000000000001        1.0549957519500086        1.0762474244204001       1.97460843930347442E-002
   1.3200000000000001        1.0827067094695086        1.1044427545217279       1.96805538025661871E-002
   1.3300000000000001        1.1109577765642038        1.1331867751375644       1.96163589807709059E-002
   1.3400000000000001        1.1397563543298459        1.1624870107326744       1.95534713015865225E-002
   1.3500000000000001        1.1691099178731443        1.1923510613939516       1.94918629867587741E-002
   1.3600000000000001        1.1990260170518758        1.2227866035904322       1.94315070747331405E-002
   1.3700000000000001        1.2295122772223945        1.2538013909409489       1.93723773909087287E-002
   1.3800000000000001        1.2605763999946185        1.2854032549894994       1.93144485191798602E-002
   1.3900000000000001        1.2922261639945647        1.3176001059884070       1.92576957747038965E-002
   1.4000000000000001        1.3244694256345104        1.3503999336893526       1.92020951778329139E-002
   1.4099999999999999        1.3573141198908556        1.3838108081423561       1.91476234291521399E-002
   1.4199999999999999        1.3907682610897643        1.4178408805027891       1.90942578855706792E-002
   1.4299999999999999        1.4248399437006620        1.4524983838464960       1.90419765374120926E-002
   1.4399999999999999        1.4595373431376686        1.4877916339931094       1.89907579864585403E-002
   1.4500000000000000        1.4948687165690453        1.5237290303376387       1.89405814248996517E-002
   1.4600000000000000        1.5308424037347357        1.5603190566904162       1.88914266151457705E-002
   1.4700000000000000        1.5674668277720831        1.5975702821254858       1.88432738704625603E-002
   1.4800000000000000        1.6047504960498040        1.6354913618375175       1.87961040363890039E-002
   1.4900000000000000        1.6427020010103022        1.6740910380073335       1.87498984729012226E-002
   1.5000000000000000        1.6813300210204052        1.7133781406761341       1.87046390372892883E-002
   1.5100000000000000        1.7206433212306094        1.7533615886285088       1.86603080677111496E-002
   1.5200000000000000        1.7606507544429155        1.7940503902843230       1.86168883673965661E-002
   1.5300000000000000        1.8013612619873447        1.8354536445995664       1.85743631894661615E-002
   1.5400000000000000        1.8427838746072183        1.8775805419762566       1.85327162223426663E-002
   1.5500000000000000        1.8849277133532905        1.9204403651814876       1.84919315757254080E-002
   1.5600000000000001        1.9278019904868233        1.9640424902757132       1.84519937671014551E-002
   1.5700000000000001        1.9714160103916916        2.0083963875503614       1.84128877087728592E-002
   1.5800000000000001        2.0157791704956085        2.0535116224748720       1.83745986953746422E-002
   1.5900000000000001        2.0609009622005647        2.0993978566532498       1.83371123918621357E-002
   1.6000000000000001        2.1067909718225706        2.1460648487902354       1.83004148219491208E-002
   1.6100000000000001        2.1534588815407965        2.1935224556671811       1.82644923569742490E-002
   1.6200000000000001        2.2009144703562042        2.2417806331277403       1.82293317051809289E-002
   1.6300000000000001        2.2491676150597661        2.2908494370734576       1.81949199013880306E-002
   1.6400000000000001        2.2982282912103638        2.3407390244693684       1.81612442970405900E-002
   1.6500000000000001        2.3481065741224674        2.3914596543597040       1.81282925506197103E-002
   1.6600000000000001        2.3988126398636922        2.4430216888938041       1.80960526183988543E-002
   1.6699999999999999        2.4503567662623293        2.4954355943623407       1.80645127455314712E-002
   1.6799999999999999        2.5027493339249527        2.5487119422439566       1.80336614574564819E-002
   1.6899999999999999        2.5560008272642021        2.6028614102624195       1.80034875516068733E-002
   1.7000000000000000        2.6101218355368441        2.6578947834544069       1.79739800894124849E-002
   1.7100000000000000        2.6651230538922124        2.7138229552480153       1.79451283885806272E-002
   1.7200000000000000        2.7210152844311346        2.7706569285521154       1.79169220156471902E-002
   1.7300000000000000        2.7778094372754460        2.8284078168566493       1.78893507787840078E-002
   1.7400000000000000        2.8355165316482007        2.8870868453439900       1.78624047208544405E-002
   1.7500000000000000        2.8941476969646827        2.9467053520114690       1.78360741127067991E-002
   1.7600000000000000        2.9537141739343293        3.0072747888051854       1.78103494466949341E-002
   1.7700000000000000        3.0142273156736725        3.0688067227652107       1.77852214304191521E-002
   1.7800000000000000        3.0756985888304094        3.1313128371823002       1.77606809806761905E-002
   1.7900000000000000        3.1381395747187133        3.1948049327662353       1.77367192176137341E-002
   1.8000000000000000        3.2015619704659004        3.2592949288259012       1.77133274590765555E-002
   1.8100000000000001        3.2659775901705594        3.3247948644612286       1.76904972151418205E-002
   1.8200000000000001        3.3313983660722650        3.3913168997671157       1.76682201828337916E-002
   1.8300000000000001        3.3978363497329878        3.4588733170494441       1.76464882410100263E-002
   1.8400000000000001        3.4653037132303175        3.5274765220533233       1.76252934454161521E-002
   1.8500000000000001        3.5338127503626207        3.5971390452036736       1.76046280238987274E-002
   1.8600000000000001        3.6033758778662470        3.6678735428582785       1.75844843717731097E-002
   1.8700000000000001        3.6740056366449094        3.7396927985734325       1.75648550473398619E-002
   1.8800000000000001        3.7457146930113585        3.8126097243823076       1.75457327675433566E-002
   1.8900000000000001        3.8185158399414720        3.8866373620861654       1.75271104037678753E-002
   1.9000000000000001        3.8924219983408870        3.9617888845585498       1.75089809777666111E-002
   1.9100000000000001        3.9674462183242958        4.0380775970625846       1.74913376577181603E-002
   1.9199999999999999        4.0436016805075390        4.1155169385815116       1.74741737544055649E-002
   1.9299999999999999        4.1209016973126147        4.1941204831625978       1.74574827175141382E-002
   1.9399999999999999        4.1993597142857411        4.2739019412745565       1.74412581320444460E-002
   1.9500000000000000        4.2789893114285986        4.3548751611785992       1.74254937148331235E-002
   1.9600000000000000        4.3598042045428844        4.4370541303132782       1.74101833111825408E-002
   1.9700000000000000        4.4418182465883129        4.5204529766932398       1.73953208915910429E-002
   1.9800000000000000        4.5250454290541962        4.6050859703220377       1.73809005485828609E-002
   1.9900000000000000        4.6094998833447383        4.6909675246191460       1.73669164936335850E-002
   2.0000000000000000        4.6951958821781856        4.7781121978613124       1.73533630541869988E-002
