   0.0000000000000000        0.0000000000000000        0.0000000000000000                            NaN
  1.00000000000000002E-002  3.34168749999999999E-007  3.34168336115067341E-007  1.23855221434180444E-006
  2.00000000000000004E-002  2.68005432677152853E-006  2.68005351162039530E-006  3.04154797539465349E-007
  2.99999999999999989E-002  9.06790823721466033E-006  9.06790703371113289E-006  1.32721202694980454E-007
  4.00000000000000008E-002  2.15483863550950023E-005  2.15483847764534608E-005  7.32603189458283930E-008
  5.00000000000000028E-002  4.21927539883399286E-005  4.21927520480793340E-005  4.59856373529515078E-008
  5.99999999999999978E-002  7.30930930072954007E-005  7.30930907192443857E-005  3.13032462085682692E-008
  7.00000000000000067E-002  1.16362511054656352E-004  1.16362508432958124E-004  2.25304375376889455E-008
  8.00000000000000017E-002  1.74135352857991888E-004  1.74135349917108918E-004  1.68884891636932554E-008
  8.99999999999999967E-002  2.48567413665996579E-004  2.48567410420715744E-004  1.30559385437323936E-008
  0.10000000000000001       3.41836154829811879E-004  3.41836151295249642E-004  1.03399310566963139E-008
  0.11000000000000000       4.56140921550975673E-004  4.56140917742582945E-004  8.34915829877433838E-009
  0.12000000000000000       5.93703162817775217E-004  5.93703158751342479E-004  6.84926916333871876E-009
  0.13000000000000000       7.56766653551997322E-004  7.56766649243660865E-004  5.69308446797474278E-009
  0.14000000000000001       9.47597718988289913E-004  9.47597714454536007E-004  4.78447112840869309E-009
  0.14999999999999999       1.16848546130857438E-003  1.16848545656624524E-003  4.05852645882762574E-009
  0.16000000000000000       1.42174198855417148E-003  1.42174198362047025E-003  3.47018044824859626E-009
  0.17000000000000001       1.70970264583853154E-003  1.70970264073102836E-003  2.98736344987348249E-009
  0.17999999999999999       2.03472624888369246E-003  2.03472624362033023E-003  2.58676676786351494E-009
  0.19000000000000000       2.39919531990381765E-003  2.39919531450291743E-003  2.25112986030048169E-009
  0.20000000000000001       2.80551632585940248E-003  2.80551632033966937E-003  1.96745713723573675E-009
  0.20999999999999999       3.25611991910597582E-003  3.25611991348650435E-003  1.72581834125350329E-009
  0.22000000000000000       3.75346118046136074E-003  3.75346117476164226E-003  1.51852336006481055E-009
  0.23000000000000001       4.30001986471580284E-003  4.30001985895572987E-003  1.33954566794649470E-009
  0.23999999999999999       4.89830064860951632E-003  4.89830064280938771E-003  1.18411037409158743E-009
  0.25000000000000000       5.55083338130244255E-003  5.55083337548297178E-003  1.04839586773236255E-009
  0.26000000000000001       6.26017333736127689E-003  6.26017333154360069E-003  9.29315514728222189E-010
  0.27000000000000002       7.02890147228905308E-003  7.02890146649473406E-003  8.24356273205609387E-010
  0.28000000000000003       7.85962468062284536E-003  7.85962467487387809E-003  7.31455700783459412E-010
  0.28999999999999998       8.75497605662539646E-003  8.75497605094421524E-003  6.48908824747140424E-010
  0.29999999999999999       9.71761515759673143E-003  9.71761515200621727E-003  5.75296929880784292E-010
  0.31000000000000000       1.07502282698321121E-002  1.07502282643556005E-002  5.09432122802110722E-010
  0.32000000000000001       1.18555286772528985E-002  1.18555286719141829E-002  4.50314425317415912E-010
  0.33000000000000002       1.30362569327372082E-002  1.30362569275605487E-002  3.97097071428585617E-010
  0.34000000000000002       1.42951811321774813E-002  1.42951811271876117E-002  3.49059559596069392E-010
  0.35000000000000003       1.56350971912923818E-002  1.56350971865145162E-002  3.05585922886174759E-010
  0.35999999999999999       1.70588291252206925E-002  1.70588291206805395E-002  2.66146811347794041E-010
  0.37000000000000000       1.85692293309251931E-002  1.85692293266489471E-002  2.30286672038231440E-010
  0.38000000000000000       2.01691788724347280E-002  2.01691788684490898E-002  1.97610335768005038E-010
  0.39000000000000001       2.18615877689530003E-002  2.18615877652851842E-002  1.67774458573533879E-010
  0.40000000000000002       2.36493952858629376E-002  2.36493952825406716E-002  1.40479958733258756E-010
  0.41000000000000003       2.55355702286556574E-002  2.55355702257071930E-002  1.15464991118119724E-010
  0.41999999999999998       2.75231112398135087E-002  2.75231112372676355E-002  9.24994711717918573E-011
  0.42999999999999999       2.96150470986768048E-002  2.96150470965628500E-002  7.13811069627640924E-011
  0.44000000000000000       3.18144370243242935E-002  3.18144370226721360E-002  5.19310643855437998E-011
  0.45000000000000001       3.41243709814976065E-002  3.41243709803376802E-002  3.39911414726791228E-011
  0.46000000000000002       3.65479699896003110E-002  3.65479699889636120E-002  1.74209135836267615E-011
  0.47000000000000003       3.90883864348024468E-002  3.90883864347205470E-002  2.09524547360361108E-012
  0.47999999999999998       4.17488043852817792E-002  4.17488043857868335E-002  1.20974561815651579E-011
  0.48999999999999999       4.45324399096332646E-002  4.45324399107580177E-002  2.52569378797550179E-011
  0.50000000000000000       4.74425413984785813E-002  4.74425414002563606E-002  3.74722613962022079E-011
  0.51000000000000001       5.04823898893079215E-002  5.04823898917726860E-002  4.88242436400297898E-011
  0.52000000000000002       5.36552993945864434E-002  5.36552993977727696E-002  5.93851164498143800E-011
  0.53000000000000003       5.69646172331583142E-002  5.69646172371013892E-002  6.92197231263841854E-011
  0.54000000000000004       6.04137243649813527E-002  6.04137243697170090E-002  7.83870943389876652E-011
  0.55000000000000004       6.40060357292258630E-002  6.40060357347905645E-002  8.69402613910820896E-011
  0.56000000000000005       6.77450005857713894E-002  6.77450005922022730E-002  9.49277961059549181E-011
  0.57000000000000006       7.16341028601355789E-002  7.16341028674704200E-002  1.02393144804536789E-010
  0.57999999999999996       7.56768614918696264E-002  7.56768615001468803E-002  1.09376283823411223E-010
  0.58999999999999997       7.98768307864551885E-002  7.98768307957140045E-002  1.15913661620395195E-010
  0.59999999999999998       8.42376007707378721E-002  8.42376007810180932E-002  1.22038389311956996E-010
  0.60999999999999999       8.87627975519329204E-002  8.87627975632750560E-002  1.27780284932997388E-010
  0.62000000000000000       9.34560836802389439E-002  9.34560836926842387E-002  1.33167304930523788E-010
  0.63000000000000000       9.83211585150959994E-002  9.83211585286864337E-002  1.38224920625814955E-010
  0.64000000000000001       0.10336175859512461       0.10336175860990289       1.42976242123305302E-010
  0.65000000000000002       0.10858165801178278       0.10858165802779234       1.47442533884268578E-010
  0.66000000000000003       0.11398466878677822       0.11398466880406324       1.51643381679146263E-010
  0.67000000000000004       0.11957464125327376       0.11957464127187921       1.55596958650055109E-010
  0.68000000000000005       0.12535546444092380       0.12535546446089540       1.59319801389135028E-010
  0.69000000000000006       0.13133106646478060       0.13133106648616488       1.62827302063476601E-010
  0.70000000000000007       0.13750541491810900       0.13750541494095331       1.66133892159664260E-010
  0.70999999999999996       0.14388251726914908       0.14388251729350149       1.69252035871527706E-010
  0.71999999999999997       0.15046642126186630       0.15046642128777576       1.72194359332526598E-010
  0.72999999999999998       0.15726121532072929       0.15726121534824558       1.74971907328284243E-010
  0.73999999999999999       0.16427102895955567       0.16427102898872945       1.77595372031709171E-010
  0.75000000000000000       0.17150003319446697       0.17150003322534965       1.80073931865422806E-010
  0.76000000000000001       0.17895244096099358       0.17895244099363755       1.82417019172937378E-010
  0.77000000000000002       0.18663250753537192       0.18663250756983038       1.84632700426979356E-010
  0.78000000000000003       0.19454453096007554       0.19454453099640262       1.86728868947206668E-010
  0.79000000000000004       0.20269285247362301       0.20269285251187372       1.88712663926810672E-010
  0.80000000000000004       0.21108185694470535       0.21108185698493562       1.90590816944505239E-010
  0.81000000000000005       0.21971597331067658       0.21971597335294327       1.92369673915083121E-010
  0.82000000000000006       0.22859967502045109       0.22859967506481202       1.94055094707329481E-010
  0.83000000000000007       0.23773748048185234       0.23773748052836624       1.95652379828033204E-010
  0.83999999999999997       0.24713395351345732       0.24713395356218396       1.97166893243846032E-010
  0.84999999999999998       0.25679370380098232       0.25679370385198241       1.98603362436789653E-010
  0.85999999999999999       0.26672138735825524       0.26672138741159046       1.99966060625617773E-010
  0.87000000000000000       0.27692170699282087       0.27692170704855396       2.01259357411473908E-010
  0.88000000000000000       0.28739941277622560       0.28739941283442028       2.02487091849443168E-010
  0.89000000000000001       0.29815930251902856       0.29815930257974965       2.03653195769986171E-010
  0.90000000000000002       0.30920622225058658       0.30920622231389999       2.04761112491424249E-010
  0.91000000000000003       0.32054506670366129       0.32054506676963385       2.05813682963675938E-010
  0.92000000000000004       0.33218077980389632       0.33218077987259603       2.06814231129609432E-010
  0.93000000000000005       0.34411835516421413       0.34411835523571010       2.07765655968524766E-010
  0.94000000000000006       0.35636283658418133       0.35636283665854374       2.08670482645577990E-010
  0.95000000000000007       0.36891931855439297       0.36891931863169319       2.09531509669379326E-010
  0.95999999999999996       0.38179294676592579       0.38179294684623627       2.10350875131306286E-010
  0.96999999999999997       0.39498891862491153       0.39498891870830594       2.11130992655275708E-010
  0.97999999999999998       0.40851248377228205       0.40851248385883515       2.11873814000721695E-010
  0.98999999999999999       0.42236894460873764       0.42236894469852548       2.12581547373743206E-010
   1.0000000000000000       0.43656365682499165       0.43656365691809140       2.13255841745100455E-010
   1.0100000000000000       0.45110202993734383       0.45110203003383398       2.13898725298908733E-010
   1.0200000000000000       0.46598952782863667       0.46598952792859688       2.14511702061083855E-010
   1.0300000000000000       0.48123166929464811       0.48123166939815931       2.15096399913102947E-010
   1.0400000000000000       0.49683402859597575       0.49683402870312016       2.15654319691990884E-010
   1.0500000000000000       0.51280223601546759       0.51280223612632869       2.16186846057413605E-010
   1.0600000000000001       0.52914197842125499       0.52914197853591771       2.16695572098667540E-010
   1.0700000000000001       0.54585899983544417       0.54585899995399456       2.17181344881339275E-010
   1.0800000000000001       0.56295910200852328       0.56295910213104894       2.17645750506121219E-010
   1.0900000000000001       0.58044814499954223       0.58044814512613196       2.18089660126313379E-010
   1.1000000000000001       0.59833204776212356       0.59833204789286754       2.18514070348542491E-010
   1.1100000000000001       0.61661678873636261       0.61661678887135263       2.18920440699988798E-010
   1.1200000000000001       0.63530840644667652       0.63530840658600551       2.19309222643989517E-010
   1.1300000000000001       0.65441300010566184       0.65441300024942450       2.19681865093778728E-010
   1.1400000000000001       0.67393673022402090       0.67393673037231305       2.20038691540601276E-010
   1.1500000000000001       0.69388581922661763       0.69388581937953686       2.20380974161920914E-010
   1.1599999999999999       0.71426655207472578       0.71426655223237101       2.20709243223729985E-010
   1.1699999999999999       0.73508527689452985       0.73508527705700155       2.21024291778304273E-010
   1.1799999999999999       0.75634840561194328       0.75634840577934348       2.21326842933725378E-010
   1.1899999999999999       0.77806241459380610       0.77806241476623839       2.21617555861527553E-010
   1.2000000000000000       0.80023384529552732       0.80023384547309684       2.21897031289370916E-010
   1.2100000000000000       0.82286930491523569       0.82286930509804934       2.22166086366280328E-010
   1.2200000000000000       0.84597546705450521       0.84597546724267125       2.22424934992016807E-010
   1.2300000000000000       0.86955907238572061       0.86955907257934917       2.22674414813128023E-010
   1.2400000000000000       0.89362692932615051       0.89362692952535339       2.22915032923413815E-010
   1.2500000000000000       0.91818591471879440       0.91818591492368495       2.23147127004858809E-010
   1.2600000000000000       0.94324297452007322       0.94324297473076657       2.23371238693291430E-010
   1.2700000000000000       0.96880512449443035       0.96880512471104341       2.23587856109106393E-010
   1.2800000000000000       0.99487945091591390       0.99487945113856535       2.23797418446509705E-010
   1.2900000000000000        1.0214731112768105        1.0214731115056206       2.24000102807633297E-010
   1.3000000000000000        1.0485933350033998        1.0485933352384911       2.24196809073884133E-010
   1.3100000000000001        1.0762474241789037        1.0762474244204001       2.24387415914452717E-010
   1.3200000000000001        1.1044427542737005        1.1044427545217279       2.24572414821396052E-010
   1.3300000000000001        1.1331867748828781        1.1331867751375644       2.24752245313768008E-010
   1.3400000000000001        1.1624870104711997        1.1624870107326744       2.24926917307235471E-010
   1.3500000000000001        1.1923510611255566        1.1923510613939516       2.25097366560589292E-010
   1.3600000000000001        1.2227866033149832        1.2227866035904322       2.25263342054915936E-010
   1.3700000000000001        1.2538013906583105        1.2538013909409489       2.25425142454906315E-010
   1.3800000000000001        1.2854032546995340        1.2854032549894994       2.25583204267448378E-010
   1.3900000000000001        1.3176001056909747        1.3176001059884070       2.25737915213385100E-010
   1.4000000000000001        1.3503999333843117        1.3503999336893526       2.25889289412014506E-010
   1.4099999999999999        1.3838108078295630        1.3838108081423561       2.26037492187797065E-010
   1.4199999999999999        1.4178408801820976        1.4178408805027891       2.26182978489753337E-010
   1.4299999999999999        1.4524983835177581        1.4524983838464960       2.26325846159888379E-010
   1.4399999999999999        1.4877916336561747        1.4877916339931094       2.26466324088966188E-010
   1.4500000000000000        1.5237290299923547        1.5237290303376387       2.26604610610205823E-010
   1.4600000000000000        1.5603190563366283        1.5603190566904162       2.26740733798998401E-010
   1.4700000000000000        1.5975702817630371        1.5975702821254858       2.26874987438691726E-010
   1.4800000000000000        1.6354913614662485        1.6354913618375175       2.27007628529418418E-010
   1.4900000000000000        1.6740910376270826        1.6740910380073335       2.27138747661846425E-010
   1.5000000000000000        1.7133781402867374        1.7133781406761341       2.27268416605046349E-010
   1.5100000000000000        1.7533615882298001        1.7533615886285088       2.27396690026600267E-010
   1.5200000000000000        1.7940503898761333        1.7940503902843230       2.27524102149052786E-010
   1.5300000000000000        1.8354536441817244        1.8354536445995664       2.27650523599493238E-010
   1.5400000000000000        1.8775805415485889        1.8775805419762566       2.27775943288208187E-010
   1.5500000000000000        1.9204403647438177        1.9204403651814876       2.27900802470541065E-010
   1.5600000000000001        1.9640424898278623        1.9640424902757132       2.28025040048511396E-010
   1.5700000000000001        2.0083963870921484        2.0083963875503614       2.28148699091724546E-010
   1.5800000000000001        2.0535116220061127        2.0535116224748720       2.28272023642461426E-010
   1.5900000000000001        2.0993978561737578        2.0993978566532498       2.28395013427178911E-010
   1.6000000000000001        2.1460648482998210        2.1460648487902354       2.28517966757633081E-010
   1.6100000000000001        2.1935224551656525        2.1935224556671811       2.28640739525935074E-010
   1.6200000000000001        2.2417806326149026        2.2417806331277403       2.28763584032313650E-010
   1.6300000000000001        2.2908494365491130        2.2908494370734576       2.28886525355765937E-010
   1.6400000000000001        2.3407390239333168        2.3407390244693684       2.29009574288847999E-010
   1.6500000000000001        2.3914596538117419        2.3914596543597040       2.29132914337170789E-010
   1.6600000000000001        2.4430216883337255        2.4430216888938041       2.29256519772591066E-010
   1.6699999999999999        2.4954355937899364        2.4954355943623407       2.29380532776445526E-010
   1.6799999999999999        2.5487119416590143        2.5487119422439566       2.29505071605242725E-010
   1.6899999999999999        2.6028614096647242        2.6028614102624195       2.29630061857516029E-010
   1.7000000000000000        2.6578947828437403        2.6578947834544069       2.29755757141726040E-010
   1.7100000000000000        2.7138229546241566        2.7138229552480153       2.29881887186853350E-010
   1.7200000000000000        2.7706569279148399        2.7706569285521154       2.30008832592793622E-010
   1.7300000000000000        2.8284078162057291        2.8284078168566493       2.30136617055262772E-010
   1.7400000000000000        2.8870868446791942        2.8870868453439900       2.30265249920671086E-010
   1.7500000000000000        2.9467053513325636        2.9467053520114690       2.30394727419129302E-010
   1.7600000000000000        3.0072747881119333        3.0072747888051854       2.30525033813096492E-010
   1.7700000000000000        3.0688067220573707        3.0688067227652107       2.30656431888659024E-010
   1.7800000000000000        3.1313128364596290        3.1313128371823002       2.30788584132848304E-010
   1.7900000000000000        3.1948049320284846        3.1948049327662353       2.30922001469804726E-010
   1.8000000000000000        3.2592949280728201        3.2592949288259012       2.31056461424465528E-010
   1.8100000000000001        3.3247948636925631        3.3247948644612286       2.31191880091840136E-010
   1.8200000000000001        3.3913168989826068        3.3913168997671157       2.31328691912858369E-010
   1.8300000000000001        3.4588733162488308        3.4588733170494441       2.31466515250710212E-010
   1.8400000000000001        3.5274765212363399        3.5274765220533233       2.31605615157725142E-010
   1.8500000000000001        3.5971390443700506        3.5971390452036736       2.31746100991006911E-010
   1.8600000000000001        3.6678735420077433        3.6678735428582785       2.31887819437849188E-010
   1.8700000000000001        3.7396927977057088        3.7396927985734325       2.32030735526040770E-010
   1.8800000000000001        3.8126097234971144        3.8126097243823076       2.32175154558974951E-010
   1.8900000000000001        3.8866373611832183        3.8866373620861654       2.32320889844541371E-010
   1.9000000000000001        3.9617888836375603        3.9617888845585498       2.32468093004736259E-010
   1.9100000000000001        4.0380775961232604        4.0380775970625846       2.32616672518093447E-010
   1.9199999999999999        4.1155169376235561        4.1155169385815116       2.32766747654009993E-010
   1.9299999999999999        4.1941204821857117        4.1941204831625978       2.32917993526373158E-010
   1.9399999999999999        4.2739019402784333        4.2739019412745565       2.33071136779829265E-010
   1.9500000000000000        4.3548751601629307        4.3548751611785992       2.33225615121288912E-010
   1.9600000000000000        4.4370541292777510        4.4370541303132782       2.33381696304719763E-010
   1.9700000000000000        4.5204529756375367        4.5204529766932398       2.33539224045317316E-010
   1.9800000000000000        4.6050859692458372        4.6050859703220377       2.33698234737811844E-010
   1.9900000000000000        4.6909675235221222        4.6909675246191460       2.33858750752928974E-010
   2.0000000000000000        4.7781121967431348        4.7781121978613124       2.34020781481960237E-010
