  -4.0000000     -0.65364361     -0.65364361      1.27703501958775605E-008
  -3.9900000     -0.65814555     -0.66117883      3.03328370699818342E-003
  -3.9800000     -0.66270882     -0.66864794      5.93910425819849357E-003
  -3.9700000     -0.66732979     -0.67605013      8.72036340567618369E-003
  -3.9600000     -0.67200494     -0.68338478      1.13798376082090476E-002
  -3.9500000     -0.67673069     -0.69065106      1.39203696895827036E-002
  -3.9400001     -0.68150359     -0.69784826      1.63446900980010155E-002
  -3.9300001     -0.68632019     -0.70497572      1.86555361880370134E-002
  -3.9200001     -0.69117707     -0.71203268      2.08555926879588661E-002
  -3.9100001     -0.69607097     -0.71901840      2.29474321663580179E-002
  -3.9000001     -0.70099849     -0.72593224      2.49337535212962695E-002
  -3.8900001     -0.70595652     -0.73277348      2.68169648176482811E-002
  -3.8800001     -0.71094173     -0.73954147      2.85997197980415348E-002
  -3.8700001     -0.71595103     -0.74623549      3.02844411141091584E-002
  -3.8600001     -0.72098136     -0.75285488      3.18734992081025487E-002
  -3.8500001     -0.72602957     -0.75939894      3.33693911937645027E-002
  -3.8400002     -0.73109275     -0.76586711      3.47743832946530856E-002
  -3.8300002     -0.73616779     -0.77225870      3.60909281420948233E-002
  -3.8200002     -0.74125183     -0.77857310      3.73212476073516361E-002
  -3.8100002     -0.74634200     -0.78480959      3.84675712841144324E-002
  -3.8000002     -0.75143552     -0.79096758      3.95320769470006300E-002
  -3.7900002     -0.75652951     -0.79704654      4.05170098232074186E-002
  -3.7800002     -0.76162118     -0.80304575      4.14245634448011796E-002
  -3.7700002     -0.76670790     -0.80896467      4.22567605002159077E-002
  -3.7600002     -0.77178699     -0.81480271      4.30156913128233315E-002
  -3.7500002     -0.77685589     -0.82055920      4.37033350861864914E-002
  -3.7400002     -0.78191185     -0.82623369      4.43218579856626757E-002
  -3.7300003     -0.78695244     -0.83182555      4.48731363588094553E-002
  -3.7200003     -0.79197520     -0.83733428      4.53590548153522538E-002
  -3.7100003     -0.79697758     -0.84275919      4.57816254923913910E-002
  -3.7000003     -0.80195719     -0.84809989      4.61426900862639197E-002
  -3.6900003     -0.80691171     -0.85335577      4.64440391160815744E-002
  -3.6800003     -0.81183875     -0.85852629      4.66875311864259485E-002
  -3.6700003     -0.81673604     -0.86361098      4.68749142259717796E-002
  -3.6600003     -0.82160133     -0.86860925      4.70079447484807386E-002
  -3.6500003     -0.82643235     -0.87352073      4.70883879036471803E-002
  -3.6400003     -0.83122700     -0.87834483      4.71178387131460027E-002
  -3.6300004     -0.83598310     -0.88308114      4.70980201429700915E-002
  -3.6200004     -0.84069854     -0.88772911      4.70305447330913173E-002
  -3.6100004     -0.84537131     -0.89228827      4.69169742494670999E-002
  -3.6000004     -0.84999937     -0.89675826      4.67588793351638721E-002
  -3.5900004     -0.85458070     -0.90113854      4.65578395559481453E-002
  -3.5800004     -0.85911334     -0.90542871      4.63153838403404308E-002
  -3.5700004     -0.86359543     -0.90962833      4.60329309187725577E-002
  -3.5600004     -0.86802512     -0.91373706      4.57119085757780805E-002
  -3.5500004     -0.87240052     -0.91775435      4.53538132966326071E-002
  -3.5400004     -0.87671983     -0.92167985      4.49600314945053925E-002
  -3.5300004     -0.88098133     -0.92551321      4.45318991552762777E-002
  -3.5200005     -0.88518327     -0.92925406      4.40707614814349960E-002
  -3.5100005     -0.88932401     -0.93290192      4.35779133257691922E-002
  -3.5000005     -0.89340174     -0.93645650      4.30547780427060905E-002
  -3.4900005     -0.89741498     -0.93991745      4.25024902922772202E-002
  -3.4800005     -0.90136212     -0.94328445      4.19223133081770491E-002
  -3.4700005     -0.90524155     -0.94655704      4.13155197230822696E-002
  -3.4600005     -0.90905184     -0.94973505      4.06832127883863942E-002
  -3.4500005     -0.91279143     -0.95281804      4.00266244301493157E-002
  -3.4400005     -0.91645896     -0.95580578      3.93468172576525582E-002
  -3.4300005     -0.92005289     -0.95869792      3.86450422220973797E-002
  -3.4200006     -0.92357194     -0.96149421      3.79222618093232183E-002
  -3.4100006     -0.92701471     -0.96419436      3.71796269058867757E-002
  -3.4000006     -0.93037987     -0.96679807      3.64181788038003273E-002
  -3.3900006     -0.93366617     -0.96930510      3.56389088321772546E-002
  -3.3800006     -0.93687236     -0.97171515      3.48428179879133951E-002
  -3.3700006     -0.93999720     -0.97402811      3.40309169607568296E-002
  -3.3600006     -0.94303948     -0.97624362      3.32041665527636823E-002
  -3.3500006     -0.94599807     -0.97836155      3.23634777014269182E-002
  -3.3400006     -0.94887185     -0.98038161      3.15097711064760075E-002
  -3.3300006     -0.95165974     -0.98230368      3.06439176464107510E-002
  -3.3200006     -0.95436060     -0.98412746      2.97668576079911720E-002
  -3.3100007     -0.95697349     -0.98585284      2.88793622868783358E-002
  -3.3000007     -0.95949733     -0.98747969      2.79823320290959153E-002
  -3.2900007     -0.96193117     -0.98900771      2.70765578297046811E-002
  -3.2800007     -0.96427411     -0.99043691      2.61627809537150167E-002
  -3.2700007     -0.96652514     -0.99176699      2.52418717653015781E-002
  -3.2600007     -0.96868342     -0.99299794      2.43145317188707237E-002
  -3.2500007     -0.97074813     -0.99412960      2.33814721862957847E-002
  -3.2400007     -0.97271836     -0.99516183      2.24434740738710219E-002
  -3.2300007     -0.97459334     -0.99609452      2.15012090196935284E-002
  -3.2200007     -0.97637236     -0.99692768      2.05552990086301096E-002
  -3.2100008     -0.97805464     -0.99766105      1.96064355909338559E-002
  -3.2000008     -0.97963941     -0.99829471      1.86553202859302651E-002
  -3.1900008     -0.98112601     -0.99882853      1.77025453800617356E-002
  -3.1800008     -0.98251373     -0.99926251      1.67487727471582991E-002
  -3.1700008     -0.98380208     -0.99959654      1.57944358305518624E-002
  -3.1600008     -0.98499030     -0.99983060      1.48402760892185417E-002
  -3.1500008     -0.98607785     -0.99996465      1.38868065593157810E-002
  -3.1400008     -0.98706418     -0.99999875      1.29345502751019911E-002
  -3.1300008     -0.98794878     -0.99993283      1.19840402702773036E-002
  -3.1200008     -0.98873109     -0.99976689      1.10358195783243594E-002
  -3.1100008     -0.98941070     -0.99950105      1.00903220225596179E-002
  -3.1000009     -0.98998708     -0.99913520      9.14811063305337284E-003
  -3.0900009     -0.99045986     -0.99866945      8.20957962074709592E-003
  -3.0800009     -0.99082863     -0.99810380      7.27519279237425279E-003
  -3.0700009     -0.99109292     -0.99743843      6.34548354580294089E-003
  -3.0600009     -0.99125248     -0.99667323      5.42075684115599001E-003
  -3.0500009     -0.99130696     -0.99580842      4.50144682202553627E-003
  -3.0400009     -0.99125594     -0.99484402      3.58805720317674492E-003
  -3.0300009     -0.99109930     -0.99378008      2.68080363403102847E-003
  -3.0200009     -0.99083668     -0.99261683      1.78015013082510670E-003
  -3.0100009     -0.99046785     -0.99135429      8.86451438103626741E-004
  -3.0000010     -0.98999256     -0.98999262      7.22263762382795681E-008
  -2.9900010     -0.98941064     -0.98853195      8.78672525152247256E-004
  -2.9800010     -0.98872197     -0.98697245      1.74951754219824346E-003
  -2.9700010     -0.98792636     -0.98531425      2.61212806071618861E-003
  -2.9600010     -0.98702371     -0.98355746      3.46621905178294771E-003
  -2.9500010     -0.98601389     -0.98170239      4.31149563353482989E-003
  -2.9400010     -0.98489678     -0.97974914      5.14765308873466661E-003
  -2.9300010     -0.98367232     -0.97769791      5.97443648796719320E-003
  -2.9200010     -0.98234051     -0.97554886      6.79164070917132132E-003
  -2.9100010     -0.98090136     -0.97330230      7.59905085350736590E-003
  -2.9000010     -0.97935474     -0.97095841      8.39632305755715416E-003
  -2.8900011     -0.97770083     -0.96851742      9.18340174830263589E-003
  -2.8800011     -0.97593957     -0.96597958      9.95998322476136268E-003
  -2.8700011     -0.97407103     -0.96334517      1.07258733102645210E-002
  -2.8600011     -0.97209531     -0.96061438      1.14809277731900330E-002
  -2.8500011     -0.97001243     -0.95778757      1.22248735393720460E-002
  -2.8400011     -0.96782261     -0.95486492      1.29576663472767261E-002
  -2.8300011     -0.96552598     -0.95184684      1.36791331484013238E-002
  -2.8200011     -0.96312267     -0.94873357      1.43890913457892112E-002
  -2.8100011     -0.96061283     -0.94552541      1.50874084288549638E-002
  -2.8000011     -0.95799667     -0.94222271      1.57739423998717251E-002
  -2.7900012     -0.95527440     -0.93882579      1.64486014106968205E-002
  -2.7800012     -0.95244628     -0.93533498      1.71112841911533094E-002
  -2.7700012     -0.94951248     -0.93175066      1.77618204783537396E-002
  -2.7600012     -0.94647336     -0.92807317      1.84002094701865813E-002
  -2.7500012     -0.94332910     -0.92430282      1.90262622332901948E-002
  -2.7400012     -0.94008011     -0.92044008      1.96400189723406199E-002
  -2.7300012     -0.93672663     -0.91648531      2.02413318352405343E-002
  -2.7200012     -0.93326896     -0.91243887      2.08301033703250406E-002
  -2.7100012     -0.92970753     -0.90830117      2.14063461705535224E-002
  -2.7000012     -0.92604274     -0.90407264      2.19700637046836254E-002
  -2.6900012     -0.92227483     -0.89975375      2.25210715447128930E-002
  -2.6800013     -0.91840428     -0.89534485      2.30594146406764185E-002
  -2.6700013     -0.91443151     -0.89084643      2.35850693406112304E-002
  -2.6600013     -0.91035694     -0.88625896      2.40980030392890718E-002
  -2.6500013     -0.90618098     -0.88158280      2.45981742231997091E-002
  -2.6400013     -0.90190411     -0.87681854      2.50855921210698489E-002
  -2.6300013     -0.89752686     -0.87196654      2.55603167506234796E-002
  -2.6200013     -0.89304966     -0.86702740      2.60222801522895023E-002
  -2.6100013     -0.88847297     -0.86200154      2.64714652516547314E-002
  -2.6000013     -0.88379741     -0.85688943      2.69079655134993392E-002
  -2.5900013     -0.87902343     -0.85169166      2.73317465734754135E-002
  -2.5800014     -0.87415165     -0.84640878      2.77428847078056706E-002
  -2.5700014     -0.86918259     -0.84104121      2.81413880713256223E-002
  -2.5600014     -0.86411679     -0.83558953      2.85272563549565164E-002
  -2.5500014     -0.85895485     -0.83005428      2.89005404440246458E-002
  -2.5400014     -0.85369742     -0.82443607      2.92613424727768967E-002
  -2.5300014     -0.84834510     -0.81873542      2.96096966704423280E-002
  -2.5200014     -0.84289843     -0.81295288      2.99455694174132966E-002
  -2.5100014     -0.83735818     -0.80708903      3.02691573254749192E-002
  -2.5000014     -0.83172488     -0.80114448      3.05804104584711176E-002
  -2.4900014     -0.82599926     -0.79511982      3.08794496234552455E-002
  -2.4800014     -0.82018203     -0.78901565      3.11663876162000218E-002
  -2.4700015     -0.81427372     -0.78283256      3.14411504675085884E-002
  -2.4600015     -0.80827522     -0.77657121      3.17040139460579642E-002
  -2.4500015     -0.80218714     -0.77023220      3.19549479691359772E-002
  -2.4400015     -0.79601020     -0.76381618      3.21940338977669618E-002
  -2.4300015     -0.78974515     -0.75732374      3.24214049954558090E-002
  -2.4200015     -0.78339279     -0.75075561      3.26371868877022506E-002
  -2.4100015     -0.77695370     -0.74411237      3.28413188129892952E-002
  -2.4000015     -0.77042890     -0.73739475      3.30341497349111723E-002
  -2.3900015     -0.76381892     -0.73060340      3.32155443389325067E-002
  -2.3800015     -0.75712472     -0.72373897      3.33857771692349231E-002
  -2.3700016     -0.75034702     -0.71680212      3.35448770455368250E-002
  -2.3600016     -0.74348658     -0.70979369      3.36929251549601821E-002
  -2.3500016     -0.73654431     -0.70271420      3.38301147260419016E-002
  -2.3400016     -0.72952098     -0.69556445      3.39565126802381378E-002
  -2.3300016     -0.72241741     -0.68834519      3.40722385166517747E-002
  -2.3200016     -0.71523452     -0.68105704      3.41774643835282971E-002
  -2.3100016     -0.70797312     -0.67370081      3.42722959411576461E-002
  -2.3000016     -0.70063400     -0.66627723      3.43567724347539280E-002
  -2.2900016     -0.69321817     -0.65878701      3.44311647912400667E-002
  -2.2800016     -0.68572640     -0.65123093      3.44954988563240528E-002
  -2.2700016     -0.67815959     -0.64360970      3.45499130972682714E-002
  -2.2600017     -0.67051870     -0.63592410      3.45945990738042233E-002
  -2.2500017     -0.66280454     -0.62817490      3.46296227004088547E-002
  -2.2400017     -0.65501803     -0.62036294      3.46551031370931628E-002
  -2.2300017     -0.64716017     -0.61248893      3.46712724715371387E-002
  -2.2200017     -0.63923192     -0.60455364      3.46782969832737722E-002
  -2.2100017     -0.63123405     -0.59655792      3.46761580131381697E-002
  -2.2000017     -0.62316757     -0.58850253      3.46650692751321321E-002
  -2.1900017     -0.61503351     -0.58038825      3.46452385178007138E-002
  -2.1800017     -0.60683274     -0.57221597      3.46167483954949035E-002
  -2.1700017     -0.59856623     -0.56398648      3.45797353634466481E-002
  -2.1600018     -0.59023499     -0.55570060      3.45343897594899349E-002
  -2.1500018     -0.58183992     -0.54735917      3.44807770724196994E-002
  -2.1400018     -0.57338208     -0.53896296      3.44191360480729860E-002
  -2.1300018     -0.56486243     -0.53051287      3.43495807495179592E-002
  -2.1200018     -0.55628186     -0.52200973      3.42721602456589683E-002
  -2.1100018     -0.54764152     -0.51345438      3.41871567189596312E-002
  -2.1000018     -0.53894234     -0.50484765      3.40946683179590912E-002
  -2.0900018     -0.53018534     -0.49619049      3.39948476614028508E-002
  -2.0800018     -0.52137160     -0.48748371      3.38879019243078991E-002
  -2.0700018     -0.51250207     -0.47872815      3.37739141105983520E-002
  -2.0600019     -0.50357777     -0.46992475      3.36530219541059383E-002
  -2.0500019     -0.49459970     -0.46107435      3.35253584014788275E-002
  -2.0400019     -0.48556897     -0.45217782      3.33911411071811381E-002
  -2.0300019     -0.47648653     -0.44323611      3.32504341034160558E-002
  -2.0200019     -0.46735355     -0.43425006      3.31035055169578152E-002
  -2.0100019     -0.45817104     -0.42522058      3.29504700306984810E-002
  -2.0000019     -0.44893995     -0.41614857      3.27913783804738151E-002
  -1.9900019     -0.43966144     -0.40703496      3.26264856662576846E-002
  -1.9800019     -0.43033651     -0.39788064      3.24558640126891562E-002
  -1.9700019     -0.42096627     -0.38868654      3.22797304857530207E-002
  -1.9600019     -0.41155180     -0.37945357      3.20982385680643675E-002
  -1.9500020     -0.40209410     -0.37018263      3.19114484484853828E-002
  -1.9400020     -0.39259425     -0.36087471      3.17195357307098469E-002
  -1.9300020     -0.38305342     -0.35153070      3.15227319213256599E-002
  -1.9200020     -0.37347257     -0.34215152      3.13210563019908142E-002
  -1.9100020     -0.36385289     -0.33273813      3.11147630577074848E-002
  -1.9000020     -0.35419536     -0.32329145      3.09038943357760644E-002
  -1.8900020     -0.34450120     -0.31381246      3.06887273747629419E-002
  -1.8800020     -0.33477131     -0.30430210      3.04692083548398322E-002
  -1.8700020     -0.32500702     -0.29476130      3.02457273529538467E-002
  -1.8600020     -0.31520927     -0.28519103      3.00182541705800131E-002
  -1.8500021     -0.30537915     -0.27559221      2.97869344755751220E-002
  -1.8400021     -0.29551777     -0.26596585      2.95519110839442198E-002
  -1.8300021     -0.28562632     -0.25631291      2.93134134627937790E-002
  -1.8200021     -0.27570581     -0.24663432      2.90714896056918151E-002
  -1.8100021     -0.26575735     -0.23693107      2.88262743500969018E-002
  -1.8000021     -0.25578207     -0.22720414      2.85779298694972747E-002
  -1.7900021     -0.24578115     -0.21745448      2.83266755727636967E-002
  -1.7800021     -0.23575549     -0.20768307      2.80724156723870105E-002
  -1.7700021     -0.22570638     -0.19789089      2.78154843400324377E-002
  -1.7600021     -0.21563490     -0.18807894      2.75559603508367112E-002
  -1.7500021     -0.20554216     -0.17824817      2.72939950068740861E-002
  -1.7400022     -0.19542915     -0.16839957      2.70295738166948171E-002
  -1.7300022     -0.18529728     -0.15853414      2.67631424424010153E-002
  -1.7200022     -0.17514724     -0.14865285      2.64943849029126710E-002
  -1.7100022     -0.16498041     -0.13875669      2.62237137887393577E-002
  -1.7000022     -0.15479793     -0.12884668      2.59512570818299058E-002
  -1.6900022     -0.14460073     -0.11892375      2.56769774638214640E-002
  -1.6800022     -0.13439007     -0.10898895      2.54011194499735478E-002
  -1.6700022     -0.12416711     -9.90432501E-02  2.51238593111070933E-002
  -1.6600022     -0.11393273     -8.90876427E-02  2.48450891061131676E-002
  -1.6500022     -0.10368825     -7.91231245E-02  2.45651245865646621E-002
  -1.6400023     -9.34346616E-02 -6.91506937E-02  2.42839676887912463E-002
  -1.6300023     -8.31732377E-02 -5.91713488E-02  2.40018877788090619E-002
  -1.6200023     -7.29048625E-02 -4.91860881E-02  2.37187735515310277E-002
  -1.6100023     -6.26307204E-02 -3.91959101E-02  2.34348111333925573E-002
  -1.6000023     -5.23520000E-02 -2.92018093E-02  2.31501898842685454E-002
  -1.5900023     -4.20696400E-02 -1.92047916E-02  2.28648491776328316E-002
  -1.5800023     -3.17849778E-02 -9.20585077E-03  2.25791267010090647E-002
  -1.5700023     -2.14990098E-02  7.94009306E-04  2.22930190858146131E-002
  -1.5600023     -1.12127233E-02  1.07937902E-02  2.20065135581844692E-002
  -1.5500023     -9.27407644E-04  2.07924917E-02  2.17198994499537001E-002
  -1.5400023      9.35608055E-03  3.07891145E-02  2.14330336015571520E-002
  -1.5300024      1.96363684E-02  4.07826565E-02  2.11462892468873218E-002
  -1.5200024      2.99125891E-02  5.07721230E-02  2.08595337539022214E-002
  -1.5100024      4.01835106E-02  6.07565120E-02  2.05730003260733117E-002
  -1.5000024      5.04481047E-02  7.07348213E-02  2.02867187149390477E-002
  -1.4900024      6.07051998E-02  8.07060599E-02  2.00008627032670257E-002
  -1.4800024      7.09538460E-02  9.06692296E-02  1.97153851263858482E-002
  -1.4700024      8.11927766E-02  0.10062333      1.94305562763435677E-002
  -1.4600024      9.14211869E-02  0.11056738      1.91461854158649775E-002
  -1.4500024      0.10163788      0.12050036      1.88624776946592250E-002
  -1.4400024      0.11184166      0.13042128      1.85796319175059385E-002
  -1.4300025      0.12203147      0.14032918      1.82977065331322748E-002
  -1.4200025      0.13220650      0.15022303      1.80165377770336622E-002
  -1.4100025      0.14236537      0.16010188      1.77365071803521415E-002
  -1.4000025      0.15250719      0.16996470      1.74575134886905681E-002
  -1.3900025      0.16263089      0.17981052      1.71796433131526614E-002
  -1.3800025      0.17273539      0.18963838      1.69029849644543248E-002
  -1.3700025      0.18281956      0.19944726      1.66277030571858990E-002
  -1.3600025      0.19288248      0.20923620      1.63537256837035586E-002
  -1.3500025      0.20292304      0.21900421      1.60811766458907775E-002
  -1.3400025      0.21294013      0.22875033      1.58102116402726103E-002
  -1.3300025      0.22293302      0.23847358      1.55405564196968472E-002
  -1.3200026      0.23290026      0.24817297      1.52727138848498863E-002
  -1.3100026      0.24284112      0.25784755      1.50064293618842031E-002
  -1.3000026      0.25275448      0.26749635      1.47418678911446360E-002
  -1.2900026      0.26263919      0.27711838      1.44791970913987437E-002
  -1.2800026      0.27249435      0.28671274      1.42183786400660681E-002
  -1.2700026      0.28231907      0.29627839      1.39593173810485301E-002
  -1.2600026      0.29211229      0.30581442      1.37021296415732949E-002
  -1.2500026      0.30187279      0.31531987      1.34470837232026422E-002
  -1.2400026      0.31159988      0.32479379      1.31939145437774442E-002
  -1.2300026      0.32129228      0.33423525      1.29429562207204873E-002
  -1.2200027      0.33094919      0.34364325      1.26940692821677758E-002
  -1.2100027      0.34056962      0.35301691      1.24472964124735640E-002
  -1.2000027      0.35015252      0.36235526      1.22027433369990626E-002
  -1.1900027      0.35969692      0.37165737      1.19604597065575240E-002
  -1.1800027      0.36920190      0.38092235      1.17204391907958679E-002
  -1.1700027      0.37866646      0.39014921      1.14827387805035118E-002
  -1.1600027      0.38808960      0.39933705      1.12474490779376213E-002
  -1.1500027      0.39747050      0.40848497      1.10144559705107371E-002
  -1.1400027      0.40680823      0.41759202      1.07837983505360106E-002
  -1.1300027      0.41610155      0.42665732      1.05557874159940175E-002
  -1.1200027      0.42534986      0.43567997      1.03301126919299272E-002
  -1.1100028      0.43455219      0.44465905      1.01068554000658829E-002
  -1.1000028      0.44370738      0.45359367      9.88627993276886864E-003
  -1.0900028      0.45281488      0.46248290      9.66802928013513196E-003
  -1.0800028      0.46187338      0.47132590      9.45252582848666797E-003
  -1.0700028      0.47088215      0.48012179      9.23963034475444762E-003
  -1.0600028      0.47984040      0.48886964      9.02923811135437730E-003
  -1.0500028      0.48874703      0.49756861      8.82157703736807103E-003
  -1.0400028      0.49760139      0.50621784      8.61643288563756528E-003
  -1.0300028      0.50640237      0.51481640      8.41404342942487192E-003
  -1.0200028      0.51514930      0.52336353      8.21423427155313322E-003
  -1.0100029      0.52384114      0.53185833      8.01716398845047501E-003
  -1.0000029      0.53247702      0.54029989      7.82287718078358320E-003
 -0.99000287      0.54105616      0.54868746      7.63130455840372451E-003
 -0.98000288      0.54957789      0.55702013      7.44226302476094174E-003
 -0.97000289      0.55804104      0.56529713      7.25611141187048649E-003
 -0.96000290      0.56644505      0.57351762      7.07255847074254353E-003
 -0.95000291      0.57478887      0.58168072      6.89185504704597270E-003
 -0.94000292      0.58307183      0.58978570      6.71384048899485546E-003
 -0.93000293      0.59129316      0.59783161      6.53847917078092308E-003
 -0.92000294      0.59945196      0.60581779      6.36586057362134583E-003
 -0.91000295      0.60754710      0.61374342      6.19631857550630681E-003
 -0.90000296      0.61557859      0.62160766      6.02906062422937667E-003
 -0.89000297      0.62354493      0.62940973      5.86479042101203593E-003
 -0.88000298      0.63144565      0.63714886      5.70320460406379629E-003
 -0.87000299      0.63927972      0.64482427      5.54454254736545804E-003
 -0.86000299      0.64704674      0.65243518      5.38845394980807905E-003
 -0.85000300      0.65474600      0.65998089      5.23489298161718478E-003
 -0.84000301      0.66237622      0.66746056      5.08435677903963917E-003
 -0.83000302      0.66993713      0.67487353      4.93639540367962152E-003
 -0.82000303      0.67742783      0.68221897      4.79116163805817698E-003
 -0.81000304      0.68484747      0.68949622      4.64875540864864451E-003
 -0.80000305      0.69219565      0.69670451      4.50886623146111009E-003
 -0.79000306      0.69947147      0.70384312      4.37166735448494236E-003
 -0.78000307      0.70667422      0.71091139      4.23716017867768920E-003
 -0.77000308      0.71380341      0.71790850      4.10511472470505463E-003
 -0.76000309      0.72085798      0.72483391      3.97590416864867721E-003
 -0.75000310      0.72783756      0.73168677      3.84919360979110595E-003
 -0.74000311      0.73474133      0.73846644      3.72513223276346121E-003
 -0.73000312      0.74156845      0.74517232      3.60387653891456597E-003
 -0.72000313      0.74831891      0.75180370      3.48475594907976527E-003
 -0.71000314      0.75499141      0.75835985      3.36841863785007070E-003
 -0.70000315      0.76158541      0.76484019      3.25474543731710036E-003
 -0.69000316      0.76810050      0.77124399      3.14350555372590931E-003
 -0.68000317      0.77453607      0.77757072      3.03465465550082974E-003
 -0.67000318      0.78089130      0.78381968      2.92839454192739181E-003
 -0.66000319      0.78716582      0.78999031      2.82445795068094569E-003
 -0.65000319      0.79335898      0.79608184      2.72288348069712203E-003
 -0.64000320      0.79947001      0.80209386      2.62383683994208772E-003
 -0.63000321      0.80549848      0.80802560      2.52713406916896255E-003
 -0.62000322      0.81144357      0.81387657      2.43301646241845821E-003
 -0.61000323      0.81730527      0.81964618      2.34089892879508696E-003
 -0.60000324      0.82308251      0.82533377      2.25127739960846382E-003
 -0.59000325      0.82877511      0.83093888      2.16376193279035813E-003
 -0.58000326      0.83438218      0.83646089      2.07868609517864768E-003
 -0.57000327      0.83990335      0.84189922      1.99585532102674202E-003
 -0.56000328      0.84533834      0.84725338      1.91502380438058543E-003
 -0.55000329      0.85068613      0.85252279      1.83666941384309475E-003
 -0.54000330      0.85594660      0.85770696      1.76038442070571358E-003
 -0.53000331      0.86111951      0.86280543      1.68588883060285231E-003
 -0.52000332      0.86620355      0.86781752      1.61398410966905916E-003
 -0.51000333      0.87119913      0.87274289      1.54375181721765932E-003
 -0.50000334      0.87610531      0.87758094      1.47565309738937949E-003
 -0.49000335      0.88092160      0.88233131      1.40968098441682363E-003
 -0.48000336      0.88564754      0.88699335      1.34583728816247382E-003
 -0.47000337      0.89028311      0.89156675      1.28365580446272980E-003
 -0.46000338      0.89482754      0.89605099      1.22345405928813073E-003
 -0.45000339      0.89928049      0.90044564      1.16514126158082099E-003
 -0.44000340      0.90364152      0.90475023      1.10869518525418616E-003
 -0.43000340      0.90791011      0.90896434      1.05422181778303914E-003
 -0.42000341      0.91208619      0.91308755      1.00135935680085715E-003
 -0.41000342      0.91616911      0.91711944      9.50351135846009133E-004
 -0.40000343      0.92015862      0.92105967      9.01032386631907115E-004
 -0.39000344      0.92405432      0.92490774      8.53426325813033682E-004
 -0.38000345      0.92785579      0.92866337      8.07565380451798426E-004
 -0.37000346      0.93156284      0.93232608      7.63252807919586988E-004
 -0.36000347      0.93517488      0.93589562      7.20718384544562609E-004
 -0.35000348      0.93869209      0.93937153      6.79426349342794611E-004
 -0.34000349      0.94211352      0.94275349      6.39982788345411181E-004
 -0.33000350      0.94543904      0.94604123      6.02168716079482967E-004
 -0.32000351      0.94866878      0.94923431      5.65536155834907425E-004
 -0.31000352      0.95180202      0.95233250      5.30481056146771875E-004
 -0.30000353      0.95483875      0.95533544      4.96693601961585270E-004
 -0.29000354      0.95777839      0.95824289      4.64469547803525809E-004
 -0.28000355      0.96062058      0.96105444      4.33875782776470069E-004
 -0.27000356      0.96336585      0.96376997      4.04094708545042324E-004
 -0.26000357      0.96601313      0.96638906      3.75927662530546505E-004
 -0.25000358      0.96856248      0.96891153      3.49053131405638317E-004
 -0.24000357      0.97101372      0.97133714      3.23401226211705633E-004
 -0.23000357      0.97336698      0.97366560      2.98606349658949452E-004
 -0.22000356      0.97562146      0.97589666      2.75210518209628924E-004
 -0.21000355      0.97777706      0.97803015      2.53109833747910886E-004
 -0.20000355      0.97983372      0.98006588      2.32150552338202443E-004
 -0.19000354      0.98179150      0.98200357      2.12069500915078573E-004
 -0.18000354      0.98365009      0.98384309      1.92970934798179772E-004
 -0.17000353      0.98540920      0.98558414      1.74968929200209028E-004
 -0.16000353      0.98706836      0.98722672      1.58366211555926052E-004
 -0.15000352      0.98862839      0.98877054      1.42164062813608064E-004
 -0.14000352      0.99008840      0.99021548      1.27102170743878160E-004
 -0.13000351      0.99144828      0.99156141      1.13155250297216747E-004
 -0.12000351      0.99270821      0.99280822      1.00009003260079568E-004
 -0.11000352      0.99386799      0.99395573      8.77186066875103722E-005
 -0.10000352      0.99492764      0.99500382      7.61693119054831125E-005
 -9.00035203E-02  0.99588734      0.99595243      6.50774956888130487E-005
 -8.00035223E-02  0.99674606      0.99680144      5.53615775718282826E-005
 -7.00035244E-02  0.99750489      0.99755073      4.58637738715828003E-005
 -6.00035265E-02  0.99816298      0.99820036      3.73436173777412809E-005
 -5.00035286E-02  0.99872035      0.99875009      2.97361511860688059E-005
 -4.00035307E-02  0.99917752      0.99919999      2.24499584179420298E-005
 -3.00035309E-02  0.99953395      0.99954993      1.59765490042921795E-005
 -2.00035311E-02  0.99978983      0.99979991      1.01020199673342698E-005
 -1.00035314E-02  0.99994546      0.99994999      4.50334747155011622E-006
 -3.53157520E-06   1.0000001       1.0000000      1.19215525562488267E-007
  9.99646820E-03  0.99995446      0.99995005      4.42632356423972029E-006
  1.99964680E-02  0.99980801      0.99980009      7.93614310154482821E-006
  2.99964678E-02  0.99956125      0.99955016      1.11105155781413174E-005
  3.99964675E-02  0.99921429      0.99920022      1.40436567327931346E-005
  4.99964654E-02  0.99876672      0.99875045      1.62832520804894235E-005
  5.99964634E-02  0.99821901      0.99820077      1.82612139501434024E-005
  6.99964613E-02  0.99757093      0.99755126      1.96841557393861327E-005
  7.99964592E-02  0.99682260      0.99680197      2.06063368816758203E-005
  8.99964571E-02  0.99597454      0.99595302      2.14892739860022045E-005
  9.99964550E-02  0.99502653      0.99500453      2.20096554338326139E-005
  0.10999645      0.99397856      0.99395651      2.20726288295230544E-005
  0.11999645      0.99283075      0.99280906      2.16926011959241746E-005
  0.12999645      0.99158370      0.99156237      2.13508773231685443E-005
  0.13999645      0.99023694      0.99021649      2.04469901296102188E-005
  0.14999646      0.98879117      0.98877162      1.95607181243909081E-005
  0.15999646      0.98724610      0.98722786      1.82495507335162128E-005
  0.16999647      0.98560238      0.98558539      1.70147641269057220E-005
  0.17999648      0.98385948      0.98384434      1.51556694438589488E-005
  0.18999648      0.98201847      0.98200488      1.35710475220853703E-005
  0.19999649      0.98007882      0.98006725      1.15405154899835319E-005
  0.20999649      0.97804099      0.97803164      9.34714953073180824E-006
  0.21999650      0.97590542      0.97589821      7.20462065228793993E-006
  0.22999650      0.97367209      0.97366720      4.89958717473970616E-006
  0.23999651      0.97134125      0.97133881      2.44736715684711970E-006
  0.24999651      0.96891320      0.96891326      8.68532283936985020E-008
  0.25999650      0.96638817      0.96639085      2.71103644826646475E-006
  0.26999649      0.96376657      0.96377182      5.25664614986796419E-006
  0.27999648      0.96104854      0.96105641      7.86637490972748538E-006
  0.28999647      0.95823413      0.95824486      1.07521574700733796E-005
  0.29999647      0.95532405      0.95533752      1.34798878478677056E-005
  0.30999646      0.95231843      0.95233464      1.62210887604017718E-005
  0.31999645      0.94921756      0.94923651      1.89780221703133895E-005
  0.32999644      0.94602185      0.94604349      2.16432639021509011E-005
  0.33999643      0.94273162      0.94275588      2.42380912409583048E-005
  0.34999642      0.93934685      0.93937397      2.70912649368774787E-005
  0.35999641      0.93586844      0.93589807      2.96469034339019960E-005
  0.36999640      0.93229628      0.93232864      3.23717976842244522E-005
  0.37999639      0.92863119      0.92866600      3.47884231128382836E-005
  0.38999638      0.92487311      0.92491043      3.73226479118950942E-005
  0.39999637      0.92102259      0.92106241      3.98135802953404052E-005
  0.40999636      0.91708016      0.91712224      4.21095773920502681E-005
  0.41999635      0.91304606      0.91309041      4.43662299902091708E-005
  0.42999634      0.90892076      0.90896726      4.65098813337983387E-005
  0.43999633      0.90470451      0.90475321      4.87144239631714221E-005
  0.44999632      0.90039808      0.90044868      5.06263981022848746E-005
  0.45999631      0.89600158      0.89605415      5.25570424145764136E-005
  0.46999630      0.89151579      0.89156997      5.41709487735522136E-005
  0.47999629      0.88694072      0.88699663      5.59165297926206739E-005
  0.48999628      0.88227731      0.88233459      5.72974392858038493E-005
  0.49999627      0.87752551      0.87758434      5.88394798129806174E-005
  0.50999629      0.87268621      0.87274629      6.01090540640457512E-005
  0.51999629      0.86775982      0.86782104      6.12015643409927592E-005
  0.52999628      0.86274672      0.86280894      6.22376189324498142E-005
  0.53999627      0.85764724      0.85771060      6.33607920569800517E-005
  0.54999626      0.85246223      0.85252649      6.42464486877617575E-005
  0.55999625      0.84719241      0.84725708      6.46977400178648109E-005
  0.56999624      0.84183758      0.84190303      6.54204120021683916E-005
  0.57999623      0.83639914      0.83646470      6.55789622289076109E-005
  0.58999622      0.83087671      0.83094281      6.60748418424263401E-005
  0.59999621      0.82527149      0.82533777      6.62681456987602633E-005
  0.60999620      0.81958401      0.81965017      6.61829290041164977E-005
  0.61999619      0.81381458      0.81388068      6.60899187523190392E-005
  0.62999618      0.80796379      0.80802977      6.59700150473906816E-005
  0.63999617      0.80203253      0.80209804      6.55142334094890801E-005
  0.64999616      0.79602093      0.79608613      6.51965298729432693E-005
  0.65999615      0.78993016      0.78999460      6.44259976822919860E-005
  0.66999614      0.78376019      0.78382409      6.38713883205254871E-005
  0.67999613      0.77751213      0.77757514      6.30172601592343348E-005
  0.68999612      0.77118623      0.77124846      6.22500793217178362E-005
  0.69999611      0.76478374      0.76484472      6.09508085623413666E-005
  0.70999610      0.75830460      0.75836444      5.98194251473947378E-005
  0.71999609      0.75174969      0.75180829      5.86098803170212045E-005
  0.72999609      0.74511975      0.74517703      5.72625227345223160E-005
  0.73999608      0.73841542      0.73847121      5.57848236370382037E-005
  0.74999607      0.73163736      0.73169154      5.41917058792187748E-005
  0.75999606      0.72478604      0.72483873      5.26842908108412816E-005
  0.76999605      0.71786243      0.71791345      5.09941793891250349E-005
  0.77999604      0.71086729      0.71091634      4.90390347444348302E-005
  0.78999603      0.70380086      0.70384812      4.72801407972911654E-005
  0.79999602      0.69666427      0.69670957      4.52918208142277139E-005
  0.80999601      0.68945819      0.68950135      4.31322735571971106E-005
  0.81999600      0.68218297      0.68222415      4.11646879649905863E-005
  0.82999599      0.67483950      0.67487872      3.92227060454397765E-005
  0.83999598      0.66742879      0.66746581      3.70275826184217382E-005
  0.84999597      0.65995121      0.65998620      3.49629722453133189E-005
  0.85999596      0.65240806      0.65244055      3.24655296925714025E-005
  0.86999595      0.64479953      0.64482963      3.01109977039426503E-005
  0.87999594      0.63712633      0.63715428      2.79452014918573017E-005
  0.88999593      0.62938958      0.62941521      2.56031819196645728E-005
  0.89999592      0.62158996      0.62161314      2.32031884211378651E-005
  0.90999591      0.61372805      0.61374897      2.09293690977871536E-005
  0.91999590      0.60580504      0.60582340      1.83760416076734850E-005
  0.92999589      0.59782124      0.59783727      1.60377306445439404E-005
  0.93999588      0.58977759      0.58979136      1.37593679196912561E-005
  0.94999588      0.58167475      0.58168644      1.16898866185750558E-005
  0.95999587      0.57351422      0.57352340      9.14965269248568759E-006
  0.96999586      0.56529623      0.56530297      6.71654637830575293E-006
  0.97999585      0.55702162      0.55702597      4.37813658142735193E-006
  0.98999584      0.54869121      0.54869336      2.12764512095452900E-006
  0.99999583      0.54030585      0.54030579      3.61360381336364202E-008
   1.0099958      0.53186661      0.53186429      2.34734668893053040E-006
   1.0199958      0.52337396      0.52336955      4.43867722926881252E-006
   1.0299958      0.51482892      0.51482242      6.47394132626449891E-006
   1.0399958      0.50623244      0.50622392      8.55211441422266613E-006
   1.0499958      0.49758521      0.49757472      1.04988029069361750E-005
   1.0599958      0.48888832      0.48887578      1.25517835964226619E-005
   1.0699958      0.48014215      0.48012796      1.41987995698320175E-005
   1.0799958      0.47134811      0.47133210      1.59955888626832636E-005
   1.0899957      0.46250683      0.46248913      1.76884256248878706E-005
   1.0999957      0.45361924      0.45359993      1.93168940056556813E-005
   1.1099957      0.44468620      0.44466534      2.08563487127215181E-005
   1.1199957      0.43570867      0.43568629      2.23670155146375596E-005
   1.1299957      0.42668733      0.42666370      2.36364527160607134E-005
   1.1399957      0.41762337      0.41759843      2.49545013284243494E-005
   1.1499957      0.40851751      0.40849137      2.61298986554087478E-005
   1.1599957      0.39937064      0.39934349      2.71460200363853933E-005
   1.1699957      0.39018387      0.39015567      2.81907722373053108E-005
   1.1799957      0.38095766      0.38092884      2.88222199008230989E-005
   1.1899956      0.37169385      0.37166393      2.99356307001954157E-005
   1.1999956      0.36239237      0.36236182      3.05449167878642908E-005
   1.2099956      0.35305458      0.35302350      3.10907852278628229E-005
   1.2199956      0.34368125      0.34364986      3.13844707700881105E-005
   1.2299956      0.33427355      0.33424187      3.16807128376331271E-005
   1.2399956      0.32483223      0.32480046      3.17837795895430303E-005
   1.2499956      0.31535855      0.31532654      3.20012363152481663E-005
   1.2599956      0.30585298      0.30582112      3.18625399841513746E-005
   1.2699956      0.29631668      0.29628509      3.15794477796736684E-005
   1.2799956      0.28675094      0.28671947      3.14798680262537412E-005
   1.2899956      0.27715635      0.27712515      3.12032928430574401E-005
   1.2999955      0.26753372      0.26750311      3.05949634700618148E-005
   1.3099955      0.25788435      0.25785434      3.00039894330961004E-005
   1.3199955      0.24820895      0.24817979      2.91658576725837068E-005
   1.3299955      0.23850854      0.23848040      2.81264010233362507E-005
   1.3399955      0.22878446      0.22875719      2.72716972805631672E-005
   1.3499955      0.21903746      0.21901108      2.63744918752595190E-005
   1.3599955      0.20926821      0.20924309      2.51307369074517108E-005
   1.3699955      0.19947812      0.19945416      2.39643513096825467E-005
   1.3799955      0.18966784      0.18964529      2.25521035668419889E-005
   1.3899955      0.17983857      0.17981745      2.11201106272902343E-005
   1.3999954      0.16999123      0.16997163      1.95945698015147983E-005
   1.4099954      0.16012651      0.16010882      1.76912640056393211E-005
   1.4199954      0.15024610      0.15022999      1.61077531130891983E-005
   1.4299954      0.14035046      0.14033614      1.43181007240262409E-005
   1.4399954      0.13044071      0.13042825      1.24505192620015114E-005
   1.4499954      0.12051792      0.12050734      1.05796637537010178E-005
   1.4599954      0.11058286      0.11057436      8.49576290722626988E-006
   1.4699954      0.10063669      0.10063033      6.36036941183310711E-006
   1.4799954      9.06804800E-02  9.06762332E-02  4.24452326863557699E-006
   1.4899954      8.07151347E-02  8.07130709E-02  2.06179600351769754E-006
   1.4999954      7.07416460E-02  7.07418397E-02  1.93191214853632824E-007
   1.5099953      6.07612617E-02  6.07635304E-02  2.26957930141611725E-006
   1.5199953      5.07744178E-02  5.07791489E-02  4.72932986007525388E-006
   1.5299953      4.07826230E-02  4.07896861E-02  7.06212851164755953E-006
   1.5399953      3.07866428E-02  3.07961442E-02  9.50136407256402177E-006
   1.5499953      2.07877979E-02  2.07995232E-02  1.17257649932818307E-005
   1.5599953      1.07867867E-02  1.08008236E-02  1.40364911592356065E-005
   1.5699953      7.84605450E-04  8.01042654E-04  1.64371782612639301E-005
   1.5799953     -9.21757892E-03 -9.19881836E-03  1.87609051344266348E-005
   1.5899953     -1.92186758E-02 -1.91977583E-02  2.09170106598424239E-005
   1.5999953     -2.92180460E-02 -2.91947797E-02  2.32662003503787405E-005
   1.6099952     -3.92143801E-02 -3.91888805E-02  2.54987265298285629E-005
   1.6199952     -4.92066555E-02 -4.91790622E-02  2.75913969331479178E-005
   1.6299952     -5.91943040E-02 -5.91643304E-02  2.99751128309179149E-005
   1.6399952     -6.91755340E-02 -6.91436753E-02  3.18565258501066171E-005
   1.6499952     -7.91501403E-02 -7.91161135E-02  3.40286696536550105E-005
   1.6599952     -8.91165361E-02 -8.90806317E-02  3.59018037811618959E-005
   1.6699952     -9.90741327E-02 -9.90362465E-02  3.78837744273015728E-005
   1.6799952     -0.10902149     -0.10898196      3.95321708106010017E-005
   1.6899952     -0.11895777     -0.11891677      4.09921876745381855E-005
   1.6999952     -0.12888244     -0.12883970      4.27432060921721576E-005
   1.7099952     -0.13879375     -0.13874973      4.40191710334990495E-005
   1.7199951     -0.14869134     -0.14864589      4.54459976695801784E-005
   1.7299951     -0.15857360     -0.15852720      4.64039667428838752E-005
   1.7399951     -0.16844022     -0.16839264      4.75831747524285735E-005
   1.7499951     -0.17828956     -0.17824125      4.83161272891237430E-005
   1.7599951     -0.18812101     -0.18807203      4.89767273355412282E-005
   1.7699951     -0.19793348     -0.19788401      4.94751595012861038E-005
   1.7799951     -0.20772597     -0.20767619      4.97793323589664378E-005
   1.7899951     -0.21749757     -0.21744761      4.99594838100263439E-005
   1.7999951     -0.22724718     -0.22719729      4.98900599409982489E-005
   1.8099951     -0.23697381     -0.23692425      4.95625416963729629E-005
   1.8199950     -0.24667671     -0.24662751      4.92045566733904742E-005
   1.8299950     -0.25635466     -0.25630611      4.85496249559718731E-005
   1.8399950     -0.26600653     -0.26595908      4.74480096930143867E-005
   1.8499950     -0.27563187     -0.27558544      4.64179632785311456E-005
   1.8599950     -0.28522938     -0.28518426      4.51108112209503114E-005
   1.8699950     -0.29479796     -0.29475456      4.33837394872885705E-005
   1.8799950     -0.30433714     -0.30429539      4.17467333527600862E-005
   1.8899950     -0.31384540     -0.31380579      3.96041446788712281E-005
   1.8999950     -0.32332206     -0.32328480      3.72513521071108830E-005
   1.9099950     -0.33276621     -0.33273149      3.47123753838305760E-005
   1.9199950     -0.34217653     -0.34214491      3.16205712824905506E-005
   1.9299949     -0.35155275     -0.35152411      2.86490506133405887E-005
   1.9399949     -0.36089334     -0.36086816      2.51860029449726475E-005
   1.9499949     -0.37019756     -0.37017611      2.14505677037743231E-005
   1.9599949     -0.37946481     -0.37944704      1.77476826756770879E-005
   1.9699949     -0.38869384     -0.38868007      1.37825375135368518E-005
   1.9799949     -0.39788386     -0.39787418      9.67375999077785698E-006
   1.9899949     -0.40703318     -0.40702853      4.64202148823186236E-006
   1.9999949     -0.41614205     -0.41614217      1.29031996077281141E-007
   2.0099950     -0.42520908     -0.42521432      5.23665018013557641E-006
   2.0199950     -0.43423316     -0.43424383      1.06600222329014834E-005
   2.0299950     -0.44321379     -0.44322991      1.61112431346794043E-005
   2.0399950     -0.45214963     -0.45217165      2.20328182903021174E-005
   2.0499949     -0.46104062     -0.46106821      2.75901854501720359E-005
   2.0599949     -0.46988469     -0.46991864      3.39500595886813050E-005
   2.0699949     -0.47868186     -0.47872210      4.02274060231013364E-005
   2.0799949     -0.48743072     -0.48747766      4.69425983131172974E-005
   2.0899949     -0.49613106     -0.49618450      5.34287042457564688E-005
   2.0999949     -0.50478142     -0.50484169      6.02753638251295166E-005
   2.1099949     -0.51338118     -0.51344842      6.72427137717796007E-005
   2.1199949     -0.52192980     -0.52200383      7.40065321526930009E-005
   2.1299949     -0.53042543     -0.53050697      8.15590335990131485E-005
   2.1399949     -0.53886884     -0.53895712      8.82750483029244495E-005
   2.1499949     -0.54725784     -0.54735333      9.55149436566106913E-005
   2.1599948     -0.55559194     -0.55569488      1.02915941814580398E-004
   2.1699948     -0.56387103     -0.56398082      1.09763110484141231E-004
   2.1799948     -0.57209319     -0.57221031      1.17135213550618306E-004
   2.1899948     -0.58025885     -0.58038265      1.23792073445478225E-004
   2.1999948     -0.58836639     -0.58849692      1.30525792508595412E-004
   2.2099948     -0.59641510     -0.59655237      1.37240207115728113E-004
   2.2199948     -0.60440433     -0.60454810      1.43785433846478877E-004
   2.2299948     -0.61233330     -0.61248344      1.50136763971247362E-004
   2.2399948     -0.62020171     -0.62035751      1.55798696959568524E-004
   2.2499948     -0.62800747     -0.62816954      1.62069996333140431E-004
   2.2599947     -0.63575202     -0.63591874      1.66738955019912695E-004
   2.2699947     -0.64343208     -0.64360440      1.72308914451849995E-004
   2.2799947     -0.65104926     -0.65122569      1.76401994246703977E-004
   2.2899947     -0.65860206     -0.65878183      1.79746191462625427E-004
   2.2999947     -0.66608888     -0.66627210      1.83195224570520908E-004
   2.3099947     -0.67351025     -0.67369574      1.85463632512507617E-004
   2.3199947     -0.68086439     -0.68105197      1.87597197961226201E-004
   2.3299947     -0.68815160     -0.68834019      1.88562277841368702E-004
   2.3399947     -0.69537121     -0.69555950      1.88285713774455344E-004
   2.3499947     -0.70252156     -0.70270926      1.87714509603810606E-004
   2.3599946     -0.70960277     -0.70978880      1.86014485282001620E-004
   2.3699946     -0.71661419     -0.71679729      1.83133348092523647E-004
   2.3799946     -0.72355551     -0.72373420      1.78668275192723418E-004
   2.3899946     -0.73042500     -0.73059863      1.73654123040950124E-004
   2.3999946     -0.73722345     -0.73739010      1.66629590208492871E-004
   2.4099946     -0.74394912     -0.74410778      1.58644076184115380E-004
   2.4199946     -0.75060230     -0.75075102      1.48727796283951998E-004
   2.4299946     -0.75718182     -0.75731921      1.37408522868713438E-004
   2.4399946     -0.76368797     -0.76381171      1.23731419536290662E-004
   2.4499946     -0.77011913     -0.77022779      1.08656571554597322E-004
   2.4599946     -0.77647555     -0.77656686      9.13039581640693438E-005
   2.4699945     -0.78275609     -0.78282827      7.21721675550971429E-005
   2.4799945     -0.78896058     -0.78901142      5.08138791111419855E-005
   2.4899945     -0.79508930     -0.79511559      2.63127631797533497E-005
   2.4999945     -0.80113983     -0.80114031      5.02193720449501876E-007
   2.5099945     -0.80711335     -0.80708492      2.84123876452268024E-005
   2.5199945     -0.81300950     -0.81294882      6.06678072923177731E-005
   2.5299945     -0.81882650     -0.81873143      9.50623094371861937E-005
   2.5399945     -0.82456577     -0.82443213      1.33604659792239944E-004
   2.5499945     -0.83022535     -0.83005047      1.74897972171032237E-004
   2.5599945     -0.83580518     -0.83558571      2.19444464867146196E-004
   2.5699944     -0.84130508     -0.84103745      2.67618846550112899E-004
   2.5799944     -0.84672403     -0.84640509      3.18953005176413030E-004
   2.5899944     -0.85206336     -0.85168809      3.75294999646439440E-004
   2.5999944     -0.85732132     -0.85688585      4.35444588099589860E-004
   2.6099944     -0.86249781     -0.86199802      4.99802337378004694E-004
   2.6199944     -0.86759287     -0.86702394      5.68939059574876792E-004
   2.6299944     -0.87260544     -0.87196314      6.42284458729171313E-004
   2.6399944     -0.87753612     -0.87681520      7.20928498871819525E-004
   2.6499944     -0.88238430     -0.88157952      8.04760331685247477E-004
   2.6599944     -0.88714957     -0.88625574      8.93839154813893698E-004
   2.6699944     -0.89183158     -0.89084327      9.88274954932130906E-004
   2.6799943     -0.89643127     -0.89534181      1.08948015852357305E-003
   2.6899943     -0.90094674     -0.89975071      1.19599726087205168E-003
   2.6999943     -0.90537864     -0.90406972      1.30892280375224587E-003
   2.7099943     -0.90972686     -0.90829831      1.42856947123364171E-003
   2.7199943     -0.91399157     -0.91243601      1.55553893009759852E-003
   2.7299943     -0.91817123     -0.91648251      1.68869522963013157E-003
   2.7399943     -0.92226732     -0.92043740      1.82993313182736300E-003
   2.7499943     -0.92627865     -0.92430019      1.97845602503291147E-003
   2.7599943     -0.93020660     -0.92807060      2.13602109313040626E-003
   2.7699943     -0.93404895     -0.93174815      2.30079999850431403E-003
   2.7799942     -0.93780762     -0.93533254      2.47506784351292407E-003
   2.7899942     -0.94148117     -0.93882340      2.65775255311643090E-003
   2.7999942     -0.94507039     -0.94222039      2.84997807099776710E-003
   2.8099942     -0.94857472     -0.94552320      3.05154765061288382E-003
   2.8199942     -0.95199436     -0.94873136      3.26297037914393545E-003
   2.8299942     -0.95532948     -0.95184475      3.48474588873498928E-003
   2.8399942     -0.95858055     -0.95486289      3.71766234763440916E-003
   2.8499942     -0.96174705     -0.95778555      3.96148512687700613E-003
   2.8599942     -0.96482897     -0.96061248      4.21650649086722628E-003
   2.8699942     -0.96782762     -0.96334332      4.48432042853508673E-003
   2.8799942     -0.97074068     -0.96597779      4.76287543955143580E-003
   2.8899941     -0.97357053     -0.96851569      5.05481915728870235E-003
   2.8999941     -0.97631735     -0.97095674      5.36058418368246577E-003
   2.9099941     -0.97897959     -0.97330070      5.67886490101111776E-003
   2.9199941     -0.98155892     -0.97554737      6.01156463300216420E-003
   2.9299941     -0.98405474     -0.97769642      6.35831199407376185E-003
   2.9399941     -0.98646849     -0.97974771      6.72075240129269176E-003
   2.9499941     -0.98879874     -0.98170108      7.09766047201243738E-003
   2.9599941     -0.99104691     -0.98355627      7.49066204925894798E-003
   2.9699941     -0.99321264     -0.98531306      7.89958501990520486E-003
   2.9799941     -0.99529749     -0.98697132      8.32615478409601088E-003
   2.9899940     -0.99730110     -0.98853093      8.77017954041460664E-003
   2.9999940     -0.99922317     -0.98999166      9.23151722257778244E-003
   3.0099940      -1.0010651     -0.99135339      9.71174441389405750E-003
   3.0199940      -1.0028269     -0.99261600      1.02109376818387727E-002
   3.0299940      -1.0045079     -0.99377936      1.07285676341086506E-002
   3.0399940      -1.0061113     -0.99484330      1.12679692543541966E-002
   3.0499940      -1.0076351     -0.99580777      1.18273415891854555E-002
   3.0599940      -1.0090817     -0.99667269      1.24090460621175541E-002
   3.0699940      -1.0104496     -0.99743789      1.30117386508157486E-002
   3.0799940      -1.0117399     -0.99810338      1.36364495522136881E-002
   3.0899940      -1.0129540     -0.99866909      1.42849142448075207E-002
   3.0999939      -1.0140928     -0.99913490      1.49579045519474020E-002
   3.1099939      -1.0151566     -0.99950081      1.56558246826285566E-002
   3.1199939      -1.0161440     -0.99976677      1.63772807153585963E-002
   3.1299939      -1.0170590     -0.99993271      1.71262331518715998E-002
   3.1399939      -1.0179005     -0.99999875      1.79017449155672720E-002
   3.1499939      -1.0186694     -0.99996471      1.87046570700660150E-002
   3.1599939      -1.0193658     -0.99983072      1.95350854234685213E-002
   3.1699939      -1.0199918     -0.99959671      2.03950431330660008E-002
   3.1799939      -1.0205475     -0.99926275      2.12847452187041632E-002
   3.1899939      -1.0210327     -0.99882889      2.22038006580185590E-002
   3.1999938      -1.0214508     -0.99829513      2.31556231334873915E-002
   3.2099938      -1.0218006     -0.99766153      2.41390863865016021E-002
   3.2199938      -1.0220846     -0.99692822      2.51563920358126684E-002
   3.2299938      -1.0223018     -0.99609518      2.62066322822325642E-002
   3.2399938      -1.0224534     -0.99516249      2.72909159154178065E-002
   3.2499938      -1.0225428     -0.99413037      2.84124875314892104E-002
   3.2599938      -1.0225681     -0.99299878      2.95693365664060799E-002
   3.2699938      -1.0225317     -0.99176788      3.07638532587412306E-002
   3.2799938      -1.0224349     -0.99043787      3.19971066150981018E-002
   3.2899938      -1.0222780     -0.98900872      3.32692020502878966E-002
   3.2999938      -1.0220629     -0.98748076      3.45821424235790639E-002
   3.3099937      -1.0217898     -0.98585403      3.59357749371431931E-002
   3.3199937      -1.0214611     -0.98412871      3.73324403136271465E-002
   3.3299937      -1.0210774     -0.98230493      3.87724428594171944E-002
   3.3399937      -1.0206386     -0.98038298      4.02556002026560680E-002
   3.3499937      -1.0201486     -0.97836298      4.17856540551933414E-002
   3.3599937      -1.0196067     -0.97624516      4.33615679536675236E-002
   3.3699937      -1.0190157     -0.97402966      4.49859911392637424E-002
   3.3799937      -1.0183748     -0.97171682      4.66579868122291574E-002
   3.3899937      -1.0176876     -0.96930677      4.83807807578478868E-002
   3.3999937      -1.0169543     -0.96679980      5.01544896029066378E-002
   3.4099936      -1.0161771     -0.96419615      5.19808892113765367E-002
   3.4199936      -1.0153562     -0.96149611      5.38600768493749035E-002
   3.4299936      -1.0144938     -0.95869988      5.57939282805980930E-002
   3.4399936      -1.0135920     -0.95580781      5.77841904446887919E-002
   3.4499936      -1.0126523     -0.95282018      5.98321238573288686E-002
   3.4599936      -1.0116746     -0.94973719      6.19374297555536565E-002
   3.4699936      -1.0106634     -0.94655931      6.41040913828159198E-002
   3.4799936      -1.0096177     -0.94328672      6.63309564859401457E-002
   3.4899936      -1.0085406     -0.93991983      6.86207972529068455E-002
   3.4999936      -1.0074335     -0.93645895      7.09745882996791894E-002
   3.5099936      -1.0062985     -0.93290442      7.33941293082413793E-002
   3.5199935      -1.0051360     -0.92925662      7.58794224568366815E-002
   3.5299935      -1.0039493     -0.92551583      7.84334408270941086E-002
   3.5399935      -1.0027405     -0.92168254      8.10579561153715183E-002
   3.5499935      -1.0015094     -0.91775709      8.37523465772669479E-002
   3.5599935      -1.0002600     -0.91373986      8.65201535768759661E-002
   3.5699935     -0.99899429     -0.90963125      8.93630615569232789E-002
   3.5799935     -0.99771315     -0.90543163      9.22814941253820298E-002
   3.5899935     -0.99641800     -0.90114152      9.52764618405471386E-002
   3.5999935     -0.99511230     -0.89676130      9.83509927645047632E-002
   3.6099935     -0.99379820     -0.89229143      0.10150679464592520     
   3.6199934     -0.99247563     -0.88773227      0.10474336089419269     
   3.6299934     -0.99114990     -0.88308436      0.10806554041398991     
   3.6399934     -0.98982203     -0.87834817      0.11147388169843493     
   3.6499934     -0.98849267     -0.87352413      0.11496856678211437     
   3.6599934     -0.98716652     -0.86861271      0.11855382203215802     
   3.6699934     -0.98584419     -0.86361444      0.12222975236014401     
   3.6799934     -0.98452908     -0.85852981      0.12599925541000587     
   3.6899934     -0.98322302     -0.85335934      0.12986367046894534     
   3.6999934     -0.98192704     -0.84810352      0.13382349377401501     
   3.7099934     -0.98064649     -0.84276295      0.13788356416791728     
   3.7199934     -0.97938102     -0.83733803      0.14204298996659437     
   3.7299933     -0.97813618     -0.83182943      0.14630677191836466     
   3.7399933     -0.97691119     -0.82623762      0.15067358430599145     
   3.7499933     -0.97571146     -0.82056320      0.15514829197717095     
   3.7599933     -0.97453785     -0.81480670      0.15973116195974482     
   3.7699933     -0.97339463     -0.80896872      0.16442591014548813     
   3.7799933     -0.97228158     -0.80304986      0.16923171432527295     
   3.7899933     -0.97120434     -0.79705071      0.17415364506028258     
   3.7999933     -0.97016513     -0.79097182      0.17919330781196921     
   3.8099933     -0.96916693     -0.78481388      0.18435307493182343     
   3.8199933     -0.96820998     -0.77857739      0.18963256904811987     
   3.8299932     -0.96730155     -0.77226311      0.19503843828923886     
   3.8399932     -0.96644247     -0.76587158      0.20057088569631029     
   3.8499932     -0.96563321     -0.75940347      0.20622974896012242     
   3.8599932     -0.96488059     -0.75285941      0.21202117620525079     
   3.8699932     -0.96418601     -0.74624008      0.21794594354436211     
   3.8799932     -0.96355355     -0.73954612      0.22400744216605323     
   3.8899932     -0.96298397     -0.73277819      0.23020577754121052     
   3.8999932     -0.96248358     -0.72593701      0.23654659097737490     
   3.9099932     -0.96205360     -0.71902323      0.24303039045500477     
   3.9199932     -0.96169823     -0.71203750      0.24966071653222080     
   3.9299932     -0.96141934     -0.70498061      0.25643871839126786     
   3.9399931     -0.96122307     -0.69785321      0.26336982962858541     
   3.9499931     -0.96111125     -0.69065607      0.27045518525652701     
   3.9599931     -0.96108586     -0.68338984      0.27769603251834651     
   3.9699931     -0.96115285     -0.67605525      0.28509760526207850     
   3.9799931     -0.96131492     -0.66865307      0.29266185224653657     
   3.9899931     -0.96157330     -0.66118401      0.30038928495864575     
   3.9999931     -0.96193570     -0.65364885      0.30828684550057323     
